rvec[0]	rvec[1]	rvec[2]	Yaw Raw	Pitch Raw	Roll Raw	Yaw Error	Pitch Error	Roll Error	Yaw Comp	Pitch Comp	Roll Comp	fpinfc[0]	fpinfc[1]	fpinfc[2]	fpinfc[3]	fpinfc[4]	fpinfc[5]	fpinfc[6]	fpinfc[7]	fpinfc[8]	fbinft[0]	fbinft[1]	fbinft[2]	fbinft[3]	fbinft[4]	fbinft[5]	fbinft[6]	fbinft[7]	fbinft[8]	Before Comp. X	Before Comp. Y	Before Comp Z.	Retro Normal X	Retro Normal Y	Retro Normal Z	Combo angle (degree)	Error Lateral	Error Longitudinal	ADM comp in fb X	ADM comp in fb Y	ADM comp in fb Z	Tracker Timestamp	Camera Timestamp	Trigger Counter	Operation Mode	AZ	EL	X	Y	Z	CX1	CY1	CX2	CY2	CX3	CY3	CX4	CY4	CX5	CY5	CX6	CY6	CX7	CY7	CX8	CY8	CX9	CY9	CX10	CY10	CX11	CY11	CX12	CY12	CX13	CY13	CX14	CY14	CX15	CY15	CX16	CY16	CX17	CY17	fpinft[0]	fpinft[1]	fpinft[2]	fpinft[3]	fpinft[4]	fpinft[5]	fpinft[6]	fpinft[7]	fpinft[8]	TipX	TipY	TipZ
0.94102	1.816	-0.49887	-85.1773	25.1286	40.0379	-0.178743	-0.100632	0.0539219	-84.9986	25.2293	39.984	0.339649	0.901165	-0.269333	-0.739429	0.0788647	-0.6686	-0.581278	0.426242	0.693134	0.998383	0.0568499	-0.000458027	-0.0568518	0.99835	-0.00804348	0	0.00805651	0.999968	245.486	4311.03	34.789	0.003865	0.999964	-0.007514	85.3523	-46.5889	103.073	-42.2773	-103.073	-19.5745	8.61113E+11	8.60995E+13	5333	TrackerOperationMode_Track	-3.259125	0.461609	197.426712	4210.684082	14.384752	1725.072876	696.828918	1497.902344	929.377991	1944.911255	940.573853	1652.470215	934.819275	0	0	0	0	0	0	0	0	0	0	0	0	0	0	0	0	0	0	0	0	0	0	0	0	0	0	0.297329	0.903996	-0.307225	-0.752843	0.024073	-0.65776	-0.587216	0.426863	0.687725	217.640335	4264.54834	-45.15535
0.940957	1.815879	-0.498898	-85.176689	25.120943	40.038506	-0.178767	-0.100653	0.053903	-84.997917	25.221598	39.984604	0.339582	0.901221	-0.269229	-0.739424	0.07888	-0.668603	-0.581322	0.42612	0.693171	0.998382	0.056857	-0.000458	-0.056859	0.99835	-0.008046	0	0.008059	0.999968	245.516861	4311.015625	34.798298	0.003865	0.999964	-0.007514	85.351493	-46.587302	103.06933	-42.278423	-103.069328	-19.568136	8.61127E+11	8.6101E+13	5364	TrackerOperationMode_Track	-3.259537	0.461731	197.455582	4210.677734	14.400198	1725.094604	696.790466	1497.859131	929.411133	1944.778564	940.671265	1652.399658	934.930298	0	0	0	0	0	0	0	0	0	0	0	0	0	0	0	0	0	0	0	0	0	0	0	0	0	0	0.297258	0.904053	-0.307126	-0.752835	0.024079	-0.657768	-0.587262	0.426742	0.68776	217.660721	4264.54248	-45.142181
0.937152	1.799051	-0.503257	-85.020706	24.169624	39.947979	-0.181114	-0.103073	0.051564	-84.839592	24.272697	39.896416	0.331605	0.907904	-0.256414	-0.74038	0.081993	-0.667169	-0.584701	0.41108	0.699384	0.998382	0.056856	-0.000458	-0.056858	0.99835	-0.008043	0	0.008056	0.999968	245.514099	4311.008301	34.785877	0.003865	0.999964	-0.007514	85.173319	-46.253591	102.396155	-42.290707	-102.396156	-18.732077	8.61135E+11	8.61017E+13	5379	TrackerOperationMode_Track	-3.259499	0.461571	197.478516	4211.336426	15.229521	1725.231323	696.982544	1497.927612	929.319824	1944.944458	940.640259	1652.448242	934.777283	0	0	0	0	0	0	0	0	0	0	0	0	0	0	0	0	0	0	0	0	0	0	0	0	0	0	0.28924	0.910909	-0.294252	-0.75331	0.02693	-0.657114	-0.590647	0.411727	0.693987	216.576965	4265.130371	-44.740707
0.942348	1.815044	-0.496048	-85.004501	25.138439	40.119961	-0.178517	-0.100556	0.053897	-84.825981	25.238995	40.066063	0.342355	0.900851	-0.266945	-0.737434	0.081572	-0.670476	-0.582224	0.426395	0.692245	0.998382	0.056858	-0.000458	-0.05686	0.99835	-0.008043	0	0.008056	0.999968	245.522079	4311.015625	34.788326	0.003865	0.999964	-0.007514	85.195457	-46.294969	102.479622	-42.005112	-102.479622	-19.462646	8.61138E+11	8.61021E+13	5387	TrackerOperationMode_Track	-3.259605	0.461594	197.767029	4211.25	14.500711	1725.130981	696.773071	1497.887451	929.324524	1944.858887	940.581177	1652.3396	934.77356	0	0	0	0	0	0	0	0	0	0	0	0	0	0	0	0	0	0	0	0	0	0	0	0	0	0	0.300139	0.903837	-0.304952	-0.751	0.026785	-0.659759	-0.588146	0.427038	0.686821	217.79509	4265.26416	-44.966164
0.942515	1.815667	-0.495901	-85.010422	25.174238	40.121803	-0.178425	-0.100464	0.053986	-84.831993	25.274704	40.067818	0.342647	0.900595	-0.267434	-0.737416	0.081454	-0.670509	-0.582074	0.426959	0.692023	0.998383	0.056852	-0.000458	-0.056854	0.99835	-0.008045	0	0.008058	0.999968	245.494843	4311.003418	34.794956	0.003865	0.999964	-0.007514	85.202249	-46.307668	102.50524	-42.004532	-102.505241	-19.494083	8.61142E+11	8.61025E+13	5395	TrackerOperationMode_Track	-3.259254	0.461685	197.739532	4211.212402	14.475534	1724.981079	696.686157	1497.80127	929.325439	1944.935181	940.520813	1652.260742	934.769653	0	0	0	0	0	0	0	0	0	0	0	0	0	0	0	0	0	0	0	0	0	0	0	0	0	0	0.300436	0.903574	-0.305439	-0.750998	0.026682	-0.659765	-0.587997	0.427601	0.686598	217.809433	4265.227539	-44.976173
0.942473	1.815541	-0.49596	-85.010658	25.166567	40.120407	-0.178446	-0.100484	0.053967	-84.832214	25.26705	40.066441	0.342561	0.900652	-0.267353	-0.737441	0.081455	-0.670482	-0.582094	0.426838	0.692081	0.998383	0.056852	-0.000458	-0.056854	0.99835	-0.008045	0	0.008058	0.999968	245.494843	4311.001465	34.794724	0.003865	0.999964	-0.007514	85.202169	-46.307519	102.504938	-42.007011	-102.504936	-19.488386	8.61146E+11	8.61028E+13	5402	TrackerOperationMode_Track	-3.259254	0.461685	197.737076	4211.210938	14.481003	1725.116821	696.800415	1497.93396	929.339233	1944.865967	940.539368	1652.369873	934.740967	0	0	0	0	0	0	0	0	0	0	0	0	0	0	0	0	0	0	0	0	0	0	0	0	0	0	0.300348	0.903631	-0.305356	-0.751017	0.026681	-0.659743	-0.588017	0.42748	0.686656	217.799789	4265.224609	-44.974789
0.942517	1.81567	-0.495898	-85.010307	25.174463	40.121876	-0.178424	-0.100464	0.053986	-84.831886	25.274927	40.06789	0.342651	0.900593	-0.267435	-0.737415	0.081455	-0.670511	-0.582074	0.426962	0.692021	0.998382	0.056854	-0.000458	-0.056856	0.99835	-0.008043	0	0.008056	0.999968	245.50528	4311.008789	34.785519	0.003865	0.999964	-0.007514	85.202158	-46.307498	102.504896	-42.004299	-102.504898	-19.494183	8.61149E+11	8.61032E+13	5410	TrackerOperationMode_Track	-3.259384	0.461563	197.75	4211.217773	14.466217	1725.005249	696.767456	1497.855591	929.350037	1944.941406	940.488892	1652.278076	934.759766	0	0	0	0	0	0	0	0	0	0	0	0	0	0	0	0	0	0	0	0	0	0	0	0	0	0	0.300438	0.903572	-0.305441	-0.750998	0.026682	-0.659765	-0.587995	0.427605	0.686598	217.820114	4265.23291	-44.98547
0.942467	1.815673	-0.495892	-85.011086	25.173376	40.123714	-0.178433	-0.100469	0.053984	-84.832649	25.273846	40.069733	0.342639	0.900602	-0.26742	-0.737399	0.081444	-0.67053	-0.582101	0.426945	0.692009	0.998382	0.056855	-0.000458	-0.056857	0.99835	-0.008044	0	0.008057	0.999968	245.506546	4311.016602	34.790443	0.003865	0.999964	-0.007514	85.202796	-46.308691	102.507303	-42.00576	-102.507301	-19.493874	8.61153E+11	8.61035E+13	5417	TrackerOperationMode_Track	-3.259399	0.461632	197.749634	4211.223633	14.471312	1725.075562	696.781799	1497.854248	929.326355	1944.922729	940.55011	1652.278076	934.759766	0	0	0	0	0	0	0	0	0	0	0	0	0	0	0	0	0	0	0	0	0	0	0	0	0	0	0.300427	0.90358	-0.305427	-0.750981	0.02667	-0.659785	-0.588023	0.427587	0.686584	217.818558	4265.240723	-44.979172
0.942514	1.81566	-0.495917	-85.010979	25.173746	40.121151	-0.178426	-0.100466	0.053985	-84.832558	25.274212	40.067165	0.342632	0.9006	-0.267439	-0.737428	0.081445	-0.670498	-0.582068	0.426951	0.692033	0.998382	0.056853	-0.000458	-0.056855	0.99835	-0.008044	0	0.008057	0.999968	245.501221	4311.024902	34.792408	0.003865	0.999964	-0.007514	85.202744	-46.308594	102.507108	-42.005547	-102.507111	-19.494099	8.61156E+11	8.61039E+13	5425	TrackerOperationMode_Track	-3.259323	0.461647	197.744675	4211.231934	14.473024	1725.013672	696.756042	1497.883057	929.320068	1944.902832	940.515686	1652.283813	934.740723	0	0	0	0	0	0	0	0	0	0	0	0	0	0	0	0	0	0	0	0	0	0	0	0	0	0	0.300419	0.903578	-0.305443	-0.751009	0.026672	-0.659753	-0.587991	0.427593	0.686608	217.814941	4265.246094	-44.979454
0.942506	1.815727	-0.495882	-85.011253	25.177084	40.123009	-0.17842	-0.100458	0.053993	-84.832832	25.277544	40.069019	0.342671	0.900575	-0.267471	-0.737405	0.081438	-0.670524	-0.582075	0.427003	0.691995	0.998383	0.056852	-0.000458	-0.056854	0.99835	-0.008045	0	0.008058	0.999968	245.493301	4311.01709	34.795124	0.003865	0.999964	-0.007514	85.203109	-46.309277	102.508485	-42.005032	-102.508484	-19.496832	8.6116E+11	8.61042E+13	5432	TrackerOperationMode_Track	-3.259224	0.461693	197.737366	4211.222656	14.472916	1724.820435	696.737305	1497.706299	929.234253	1944.822998	940.401489	1652.134399	934.597778	0	0	0	0	0	0	0	0	0	0	0	0	0	0	0	0	0	0	0	0	0	0	0	0	0	0	0.300461	0.903553	-0.305476	-0.750987	0.026668	-0.659778	-0.587998	0.427646	0.686569	217.810471	4265.239258	-44.976692
0.942455	1.81564	-0.49594	-85.012604	25.171099	40.121933	-0.178439	-0.100475	0.053979	-84.834167	25.271572	40.067951	0.342588	0.900621	-0.267421	-0.737431	0.081422	-0.670497	-0.58209	0.426909	0.69204	0.998382	0.056856	-0.000458	-0.056858	0.99835	-0.008045	0	0.008058	0.999968	245.510117	4311.000977	34.797169	0.003865	0.999964	-0.007514	85.204099	-46.311128	102.512219	-42.008762	-102.512222	-19.493183	8.61164E+11	8.61046E+13	5440	TrackerOperationMode_Track	-3.259453	0.461716	197.749847	4211.203125	14.478537	1725.037109	696.781494	1497.906616	929.368652	1944.920898	940.669434	1652.289673	934.807617	0	0	0	0	0	0	0	0	0	0	0	0	0	0	0	0	0	0	0	0	0	0	0	0	0	0	0.300374	0.903598	-0.305427	-0.751009	0.026645	-0.659754	-0.588014	0.427552	0.686614	217.818634	4265.217773	-44.974236
0.942443	1.815653	-0.495898	-85.011314	25.171759	40.124149	-0.178439	-0.100474	0.05398	-84.832878	25.272232	40.070168	0.342622	0.900615	-0.267401	-0.737396	0.081441	-0.670533	-0.582114	0.42692	0.692014	0.998383	0.056852	-0.000458	-0.056854	0.99835	-0.008044	0	0.008057	0.999968	245.493958	4311.01709	34.790173	0.003865	0.999964	-0.007514	85.202936	-46.308953	102.507832	-42.00655	-102.507835	-19.492792	8.61167E+11	8.6105E+13	5447	TrackerOperationMode_Track	-3.259224	0.461624	197.736542	4211.223633	14.472132	1725.075928	696.879028	1497.90979	929.412415	1944.976196	940.622314	1652.308105	934.800476	0	0	0	0	0	0	0	0	0	0	0	0	0	0	0	0	0	0	0	0	0	0	0	0	0	0	0.300412	0.903592	-0.305406	-0.750977	0.02667	-0.65979	-0.588036	0.427562	0.686589	217.80365	4265.241211	-44.9786
0.942533	1.815687	-0.495916	-85.011238	25.175543	40.120644	-0.17842	-0.10046	0.053989	-84.832825	25.276003	40.066654	0.342645	0.900587	-0.267467	-0.737434	0.08144	-0.670492	-0.582054	0.426979	0.692028	0.998382	0.056853	-0.000458	-0.056854	0.99835	-0.008043	0	0.008056	0.999968	245.497345	4311.01709	34.78735	0.003865	0.999964	-0.007514	85.203058	-46.309181	102.508291	-42.00547	-102.508293	-19.495655	8.61171E+11	8.61053E+13	5455	TrackerOperationMode_Track	-3.259277	0.461586	197.740891	4211.223145	14.466509	1724.95752	696.6651	1497.831177	929.28894	1944.931641	940.520691	1652.246216	934.763428	0	0	0	0	0	0	0	0	0	0	0	0	0	0	0	0	0	0	0	0	0	0	0	0	0	0	0.300432	0.903564	-0.30547	-0.751016	0.026669	-0.659745	-0.587976	0.427621	0.686604	217.813446	4265.236816	-44.985786
0.942398	1.815439	-0.495976	-85.010239	25.159573	40.121933	-0.178469	-0.100504	0.05395	-84.831764	25.260077	40.067982	0.342503	0.900703	-0.267255	-0.737426	0.081467	-0.670496	-0.582146	0.426728	0.692105	0.998382	0.056853	-0.000458	-0.056855	0.99835	-0.008044	0	0.008057	0.999968	245.500977	4311.040039	34.791801	0.003865	0.999964	-0.007514	85.201482	-46.306234	102.502348	-42.008221	-102.50235	-19.482738	8.61174E+11	8.61057E+13	5462	TrackerOperationMode_Track	-3.2593	0.461639	197.742065	4211.251953	14.483831	1725.122681	696.85321	1497.895752	929.393616	1944.8125	940.625305	1652.349854	934.836182	0	0	0	0	0	0	0	0	0	0	0	0	0	0	0	0	0	0	0	0	0	0	0	0	0	0	0.300291	0.903683	-0.305259	-0.751	0.026691	-0.659763	-0.588068	0.42737	0.68668	217.796448	4265.26709	-44.973366
0.942383	1.81554	-0.495913	-85.010246	25.164587	40.125263	-0.178462	-0.100493	0.053962	-84.831787	25.265081	40.071304	0.342569	0.900666	-0.267295	-0.737383	0.081463	-0.670544	-0.582162	0.426807	0.692043	0.998383	0.056852	-0.000458	-0.056854	0.99835	-0.008044	0	0.008057	0.999968	245.495178	4311.032715	34.792942	0.003865	0.999964	-0.007514	85.20167	-46.306586	102.503057	-42.006828	-102.503059	-19.48657	8.61178E+11	8.61061E+13	5470	TrackerOperationMode_Track	-3.259232	0.461655	197.737732	4211.243652	14.481106	1725.100098	696.896423	1497.87207	929.387817	1944.834351	940.612366	1652.235718	934.795898	0	0	0	0	0	0	0	0	0	0	0	0	0	0	0	0	0	0	0	0	0	0	0	0	0	0	0.30036	0.903645	-0.305302	-0.75096	0.026689	-0.659808	-0.588084	0.427449	0.686618	217.795868	4265.262695	-44.971371
0.942469	1.815658	-0.495864	-85.00943	25.172916	40.124855	-0.178433	-0.10047	0.053982	-84.831001	25.273388	40.070873	0.342661	0.900604	-0.267389	-0.737376	0.08147	-0.670552	-0.582117	0.426938	0.692	0.998382	0.056853	-0.000458	-0.056854	0.99835	-0.008041	0	0.008054	0.999968	245.497482	4311.01709	34.776276	0.003865	0.999964	-0.007514	85.201269	-46.305836	102.501544	-42.003307	-102.501541	-19.492374	8.61181E+11	8.61064E+13	5477	TrackerOperationMode_Track	-3.259277	0.461441	197.743561	4211.229492	14.459028	1725.203979	696.798157	1497.904663	929.2854	1944.932739	940.487366	1652.296387	934.755859	0	0	0	0	0	0	0	0	0	0	0	0	0	0	0	0	0	0	0	0	0	0	0	0	0	0	0.300452	0.903583	-0.305395	-0.750961	0.0267	-0.659807	-0.588037	0.42758	0.686577	217.809845	4265.248047	-44.990845
0.942478	1.815571	-0.495925	-85.009781	25.168421	40.12183	-0.178441	-0.10048	0.053971	-84.831337	25.268902	40.067856	0.342597	0.900637	-0.267357	-0.737417	0.081468	-0.670506	-0.582102	0.426867	0.692056	0.998383	0.056851	-0.000458	-0.056853	0.99835	-0.00804	0	0.008053	0.999968	245.491592	4311.017578	34.772655	0.003865	0.999964	-0.007514	85.201434	-46.306144	102.502165	-42.005123	-102.502167	-19.489197	8.61185E+11	8.61068E+13	5485	TrackerOperationMode_Track	-3.259201	0.461388	197.735962	4211.229492	14.458675	1725.09021	696.796509	1497.901489	929.328064	1944.831177	940.532593	1652.315063	934.750854	0	0	0	0	0	0	0	0	0	0	0	0	0	0	0	0	0	0	0	0	0	0	0	0	0	0	0.300387	0.903617	-0.30536	-0.750998	0.026697	-0.659764	-0.588021	0.427509	0.686634	217.799118	4265.244629	-44.99551
0.942361	1.815491	-0.496003	-85.013435	25.160927	40.121933	-0.178472	-0.100503	0.053954	-84.834961	25.261429	40.067978	0.342476	0.900698	-0.267308	-0.737444	0.081416	-0.670483	-0.582139	0.426749	0.692097	0.998383	0.05685	-0.000458	-0.056852	0.99835	-0.008043	0	0.008056	0.999968	245.486908	4311.019531	34.786171	0.003865	0.999964	-0.007514	85.204434	-46.311755	102.513483	-42.012802	-102.513481	-19.485971	8.61189E+11	8.61072E+13	5493	TrackerOperationMode_Track	-3.259132	0.461571	197.723083	4211.220215	14.474998	1725.148682	696.77655	1497.884644	929.433533	1944.901245	940.675171	1652.246826	934.831482	0	0	0	0	0	0	0	0	0	0	0	0	0	0	0	0	0	0	0	0	0	0	0	0	0	0	0.300265	0.903674	-0.30531	-0.751016	0.026643	-0.659746	-0.588061	0.427391	0.686674	217.781708	4265.234375	-44.981758
0.942398	1.815494	-0.495973	-85.011505	25.162262	40.122105	-0.178464	-0.100498	0.053957	-84.833038	25.26276	40.068146	0.342515	0.900685	-0.267301	-0.73743	0.081445	-0.670496	-0.582135	0.42677	0.692088	0.998382	0.056853	-0.000458	-0.056854	0.99835	-0.008044	0	0.008057	0.999968	245.497345	4311.01709	34.79084	0.003865	0.999964	-0.007514	85.202741	-46.308589	102.507097	-42.009453	-102.507095	-19.485666	8.61192E+11	8.61075E+13	5500	TrackerOperationMode_Track	-3.259277	0.461632	197.736969	4211.224121	14.479918	1725.123413	696.825806	1497.913574	929.37439	1944.96228	940.618713	1652.32373	934.765198	0	0	0	0	0	0	0	0	0	0	0	0	0	0	0	0	0	0	0	0	0	0	0	0	0	0	0.300303	0.903663	-0.305305	-0.751004	0.02667	-0.659759	-0.588058	0.427412	0.686664	217.795258	4265.23877	-44.97612
0.942483	1.815606	-0.495946	-85.011475	25.170076	40.120766	-0.178437	-0.100476	0.053976	-84.833031	25.270554	40.066792	0.342587	0.900627	-0.267403	-0.737438	0.08144	-0.670487	-0.582081	0.426893	0.692057	0.998383	0.056851	-0.000458	-0.056853	0.99835	-0.008045	0	0.008058	0.999968	245.490601	4311.009766	34.793598	0.003865	0.999964	-0.007514	85.203042	-46.309151	102.508231	-42.007305	-102.508232	-19.491629	8.61196E+11	8.61079E+13	5508	TrackerOperationMode_Track	-3.259193	0.46167	197.732452	4211.21582	14.476635	1725.032715	696.715637	1497.905762	929.29303	1944.974487	940.592346	1652.281494	934.789001	0	0	0	0	0	0	0	0	0	0	0	0	0	0	0	0	0	0	0	0	0	0	0	0	0	0	0.300376	0.903605	-0.305405	-0.751016	0.026668	-0.659745	-0.588004	0.427536	0.686633	217.799377	4265.229492	-44.977543
0.94241	1.815538	-0.496001	-85.013557	25.164463	40.120564	-0.178459	-0.100492	0.053963	-84.835098	25.264956	40.066605	0.342503	0.900672	-0.267361	-0.737458	0.081411	-0.670468	-0.582106	0.426805	0.692091	0.998383	0.05685	-0.000458	-0.056852	0.99835	-0.008046	0	0.008059	0.999968	245.488953	4311.025391	34.80138	0.003865	0.999964	-0.007514	85.204702	-46.312256	102.514495	-42.012058	-102.514496	-19.488768	8.61199E+11	8.61082E+13	5515	TrackerOperationMode_Track	-3.259155	0.461777	197.725769	4211.225098	14.487038	1725.034912	696.809753	1497.909058	929.369934	1944.928345	940.660889	1652.315063	934.750854	0	0	0	0	0	0	0	0	0	0	0	0	0	0	0	0	0	0	0	0	0	0	0	0	0	0	0.300291	0.903648	-0.305362	-0.75103	0.026638	-0.659731	-0.58803	0.427447	0.686665	217.788818	4265.237793	-44.969334
0.942421	1.815604	-0.495881	-85.00972	25.168953	40.12558	-0.178448	-0.100481	0.053973	-84.831276	25.269434	40.071606	0.342621	0.900633	-0.26734	-0.737373	0.081468	-0.670555	-0.582145	0.426876	0.692015	0.998383	0.056849	-0.000458	-0.056851	0.99835	-0.008046	0	0.008059	0.999968	245.481705	4311.025879	34.800987	0.003865	0.999964	-0.007514	85.201368	-46.306021	102.501918	-42.004826	-102.501915	-19.489544	8.61203E+11	8.61086E+13	5523	TrackerOperationMode_Track	-3.259064	0.461769	197.726624	4211.237793	14.485983	1725.068359	696.857605	1497.828247	929.360901	1944.851807	940.561035	1652.240112	934.75824	0	0	0	0	0	0	0	0	0	0	0	0	0	0	0	0	0	0	0	0	0	0	0	0	0	0	0.300415	0.903612	-0.305345	-0.75095	0.026698	-0.659819	-0.588069	0.427518	0.686588	217.788544	4265.257324	-44.964462
0.942472	1.815691	-0.495872	-85.010513	25.174543	40.124451	-0.17843	-0.100466	0.053986	-84.832085	25.275009	40.070465	0.342662	0.900593	-0.267423	-0.737386	0.081452	-0.670543	-0.582104	0.426963	0.691995	0.998382	0.056853	-0.000458	-0.056855	0.99835	-0.008045	0	0.008058	0.999968	245.499573	4311.01709	34.793629	0.003865	0.999964	-0.007514	85.20232	-46.3078	102.505507	-42.004547	-102.505508	-19.494366	8.61206E+11	8.61089E+13	5530	TrackerOperationMode_Track	-3.2593	0.46167	197.744156	4211.225586	14.473951	1725.029297	696.875977	1497.912109	929.375305	1944.870239	940.590759	1652.235352	934.780396	0	0	0	0	0	0	0	0	0	0	0	0	0	0	0	0	0	0	0	0	0	0	0	0	0	0	0.300452	0.903571	-0.30543	-0.750968	0.02668	-0.659799	-0.588027	0.427606	0.686569	217.813354	4265.243652	-44.975426
0.942462	1.815758	-0.495821	-85.010162	25.177986	40.127075	-0.178424	-0.100458	0.053995	-84.831734	25.278444	40.073078	0.342713	0.900567	-0.267445	-0.73735	0.081455	-0.670582	-0.582119	0.427018	0.691949	0.998383	0.056851	-0.000458	-0.056853	0.99835	-0.008047	0	0.00806	0.999968	245.491348	4311.033203	34.804302	0.003865	0.999964	-0.007514	85.202112	-46.307413	102.504724	-42.003017	-102.504723	-19.496742	8.6121E+11	8.61093E+13	5538	TrackerOperationMode_Track	-3.259178	0.461807	197.737717	4211.242676	14.482008	1725.086304	696.903992	1497.891235	929.327637	1944.953247	940.597168	1652.298096	934.811646	0	0	0	0	0	0	0	0	0	0	0	0	0	0	0	0	0	0	0	0	0	0	0	0	0	0	0.300507	0.903545	-0.305452	-0.750933	0.026685	-0.659839	-0.588044	0.42766	0.686521	217.80896	4265.26416	-44.96373
0.942475	1.815723	-0.49589	-85.012062	25.176065	40.123596	-0.178427	-0.100462	0.053991	-84.833641	25.276527	40.069607	0.342653	0.900584	-0.267465	-0.737404	0.081426	-0.670526	-0.582087	0.426987	0.691995	0.998383	0.05685	-0.000458	-0.056852	0.99835	-0.008046	0	0.008059	0.999968	245.487915	4311.025391	34.802139	0.003865	0.999964	-0.007514	85.203797	-46.310563	102.511078	-42.006554	-102.511078	-19.496603	8.61214E+11	8.61096E+13	5545	TrackerOperationMode_Track	-3.259148	0.461777	197.730438	4211.228516	14.479988	1725.054199	696.804321	1497.890015	929.325806	1944.933838	940.587646	1652.279053	934.764587	0	0	0	0	0	0	0	0	0	0	0	0	0	0	0	0	0	0	0	0	0	0	0	0	0	0	0.300444	0.903561	-0.305469	-0.750984	0.026656	-0.659782	-0.588011	0.42763	0.686568	217.802917	4265.245605	-44.969437
0.94251	1.8157	-0.495892	-85.010925	25.175776	40.122402	-0.178422	-0.100461	0.05399	-84.832504	25.276237	40.068413	0.342659	0.900584	-0.267455	-0.737411	0.081445	-0.670516	-0.582074	0.426983	0.692009	0.998382	0.056854	-0.000458	-0.056856	0.99835	-0.008046	0	0.008059	0.999968	245.50322	4311.016602	34.799305	0.003865	0.999964	-0.007514	85.20276	-46.308624	102.507168	-42.004883	-102.507164	-19.495602	8.61217E+11	8.611E+13	5553	TrackerOperationMode_Track	-3.259354	0.461746	197.747284	4211.223633	14.478241	1725.011108	696.813599	1497.879761	929.315857	1944.904663	940.520996	1652.315063	934.750854	0	0	0	0	0	0	0	0	0	0	0	0	0	0	0	0	0	0	0	0	0	0	0	0	0	0	0.300447	0.903562	-0.305461	-0.750993	0.026671	-0.659771	-0.587997	0.427625	0.686583	217.819107	4265.239746	-44.972324
0.942541	1.815765	-0.495865	-85.010796	25.179985	40.122669	-0.17841	-0.10045	0.054	-84.832382	25.280434	40.068668	0.342704	0.900553	-0.267503	-0.737403	0.081444	-0.670524	-0.582057	0.427049	0.691982	0.998382	0.056853	-0.000458	-0.056855	0.99835	-0.008045	0	0.008058	0.999968	245.501251	4311.019043	34.796158	0.003865	0.999964	-0.007514	85.202812	-46.308721	102.507363	-42.003536	-102.507362	-19.498734	8.61221E+11	8.61104E+13	5561	TrackerOperationMode_Track	-3.259323	0.461708	197.746704	4211.225586	14.472029	1724.962769	696.825134	1497.889404	929.339539	1944.923706	940.49231	1652.260864	934.727234	0	0	0	0	0	0	0	0	0	0	0	0	0	0	0	0	0	0	0	0	0	0	0	0	0	0	0.300493	0.903531	-0.305509	-0.750988	0.026672	-0.659776	-0.58798	0.427692	0.686556	217.822662	4265.241699	-44.976761
0.942463	1.815709	-0.495864	-85.010818	25.175274	40.125088	-0.17843	-0.100465	0.053988	-84.832382	25.27574	40.071098	0.342668	0.900588	-0.267432	-0.737379	0.081447	-0.670551	-0.582108	0.426975	0.691984	0.998383	0.056852	-0.000458	-0.056854	0.99835	-0.00804	0	0.008053	0.999968	245.494629	4311.040527	34.773232	0.003865	0.999964	-0.007514	85.202614	-46.308352	102.506618	-42.004803	-102.506615	-19.495131	8.61225E+11	8.61107E+13	5568	TrackerOperationMode_Track	-3.259224	0.461395	197.739014	4211.248047	14.45327	1725.012939	696.862793	1497.888062	929.374695	1944.821045	940.6427	1652.219482	934.812012	0	0	0	0	0	0	0	0	0	0	0	0	0	0	0	0	0	0	0	0	0	0	0	0	0	0	0.300459	0.903566	-0.305438	-0.750965	0.026678	-0.659803	-0.588027	0.427617	0.686562	217.808899	4265.266602	-44.995564
0.942455	1.815693	-0.495908	-85.01252	25.173943	40.123379	-0.178434	-0.100468	0.053985	-84.834091	25.274412	40.069393	0.342625	0.9006	-0.267446	-0.737411	0.081421	-0.670519	-0.582094	0.426954	0.692009	0.998383	0.056852	-0.000458	-0.056854	0.99835	-0.008047	0	0.00806	0.999968	245.496704	4311.009277	34.802265	0.003865	0.999964	-0.007514	85.204127	-46.311179	102.512323	-42.007839	-102.512321	-19.495298	8.61228E+11	8.61111E+13	5576	TrackerOperationMode_Track	-3.25927	0.461784	197.737671	4211.211426	14.481396	1725.096558	696.790039	1497.879028	929.393066	1944.975464	940.587463	1652.271118	934.787048	0	0	0	0	0	0	0	0	0	0	0	0	0	0	0	0	0	0	0	0	0	0	0	0	0	0	0.300414	0.903577	-0.305451	-0.75099	0.026648	-0.659776	-0.588019	0.427596	0.686582	217.808578	4265.228027	-44.969006
0.942417	1.815523	-0.495964	-85.011444	25.164223	40.121971	-0.178458	-0.100493	0.053962	-84.832985	25.264717	40.068012	0.342535	0.900671	-0.267325	-0.737429	0.081445	-0.670496	-0.582124	0.426801	0.692078	0.998383	0.056852	-0.000458	-0.056854	0.99835	-0.008045	0	0.008058	0.999968	245.495438	4311.040527	34.796257	0.003865	0.999964	-0.007514	85.202767	-46.308636	102.507192	-42.008827	-102.507195	-19.487127	8.61232E+11	8.61114E+13	5583	TrackerOperationMode_Track	-3.259232	0.4617	197.735764	4211.247559	14.483749	1725.079468	696.829346	1497.871948	929.401367	1944.864502	940.6073	1652.315674	934.809753	0	0	0	0	0	0	0	0	0	0	0	0	0	0	0	0	0	0	0	0	0	0	0	0	0	0	0.300323	0.903649	-0.305328	-0.751003	0.02667	-0.659759	-0.588047	0.427443	0.686653	217.796051	4265.262695	-44.971603
0.942443	1.815673	-0.495815	-85.008148	25.173399	40.127819	-0.178436	-0.10047	0.053983	-84.829712	25.27387	40.073837	0.342696	0.900598	-0.267362	-0.737333	0.08149	-0.670596	-0.58215	0.426946	0.691967	0.998382	0.056854	-0.000458	-0.056856	0.99835	-0.008044	0	0.008057	0.999968	245.506119	4311.040039	34.79232	0.003865	0.999964	-0.007514	85.200099	-46.303649	102.497132	-42.001141	-102.497131	-19.491852	8.61235E+11	8.61118E+13	5591	TrackerOperationMode_Track	-3.259369	0.461647	197.754456	4211.256836	14.475266	1725.147461	696.94104	1497.901489	929.314087	1944.880127	940.512756	1652.260742	934.769653	0	0	0	0	0	0	0	0	0	0	0	0	0	0	0	0	0	0	0	0	0	0	0	0	0	0	0.300488	0.903579	-0.305372	-0.750918	0.026717	-0.659855	-0.588072	0.427588	0.686541	217.818878	4265.279297	-44.971722
0.942456	1.81571	-0.495858	-85.010727	25.175205	40.125561	-0.178431	-0.100465	0.053988	-84.832298	25.275671	40.071571	0.342671	0.900588	-0.267427	-0.737373	0.081448	-0.670557	-0.582115	0.426974	0.69198	0.998383	0.056849	-0.000458	-0.056851	0.99835	-0.008046	0	0.008059	0.999968	245.481705	4311.025879	34.801189	0.003865	0.999964	-0.007514	85.202528	-46.30819	102.506292	-42.004677	-102.506294	-19.495012	8.61239E+11	8.61122E+13	5598	TrackerOperationMode_Track	-3.259064	0.461769	197.726532	4211.233398	14.48068	1725.137573	696.902832	1497.909058	929.369934	1944.99231	940.575562	1652.363525	934.785828	0	0	0	0	0	0	0	0	0	0	0	0	0	0	0	0	0	0	0	0	0	0	0	0	0	0	0.300465	0.903566	-0.305432	-0.750954	0.026679	-0.659815	-0.588038	0.427616	0.686553	217.795929	4265.25293	-44.967422
0.942521	1.81562	-0.495935	-85.01062	25.171803	40.120087	-0.178429	-0.10047	0.05398	-84.832184	25.272274	40.066109	0.342612	0.900613	-0.267418	-0.73744	0.081452	-0.670484	-0.582065	0.42692	0.692055	0.998383	0.056849	-0.000458	-0.056851	0.99835	-0.008049	0	0.008062	0.999968	245.482193	4311.033691	34.81353	0.003865	0.999964	-0.007514	85.202345	-46.307847	102.5056	-42.005524	-102.5056	-19.492367	8.61243E+11	8.61125E+13	5606	TrackerOperationMode_Track	-3.259064	0.461929	197.726212	4211.242188	14.495386	1725.088867	696.768005	1497.935791	929.309753	1944.96167	940.517456	1652.406494	934.741943	0	0	0	0	0	0	0	0	0	0	0	0	0	0	0	0	0	0	0	0	0	0	0	0	0	0	0.300402	0.903592	-0.305418	-0.751016	0.026681	-0.659745	-0.587991	0.427563	0.686627	217.794327	4265.255859	-44.958458
0.942321	1.815681	-0.495839	-85.011642	25.1705	40.130585	-0.178458	-0.100483	0.053977	-84.833183	25.270983	40.076611	0.342636	0.900624	-0.267351	-0.737324	0.081437	-0.670613	-0.582198	0.4269	0.691955	0.998383	0.056852	-0.000458	-0.056854	0.99835	-0.00805	0	0.008063	0.999968	245.497223	4311.040527	34.816242	0.003865	0.999964	-0.007514	85.203115	-46.309287	102.508506	-42.007278	-102.508507	-19.492016	8.61246E+11	8.61129E+13	5614	TrackerOperationMode_Track	-3.259254	0.461967	197.738983	4211.246094	14.498358	1725.174683	697.040894	1497.877197	929.462097	1944.961304	940.731323	1652.277344	934.852966	0	0	0	0	0	0	0	0	0	0	0	0	0	0	0	0	0	0	0	0	0	0	0	0	0	0	0.30043	0.903602	-0.305361	-0.750901	0.026662	-0.659876	-0.588124	0.427543	0.686526	217.802338	4265.270996	-44.947098
0.942343	1.815448	-0.496001	-85.012589	25.158398	40.12252	-0.17848	-0.10051	0.053948	-84.834114	25.258907	40.068573	0.342464	0.900715	-0.267265	-0.737435	0.081431	-0.670492	-0.582159	0.426709	0.692106	0.998383	0.056847	-0.000458	-0.056849	0.99835	-0.008046	0	0.008059	0.999968	245.473862	4311.03418	34.79921	0.003865	0.999964	-0.007514	85.203565	-46.310129	102.510204	-42.01218	-102.510201	-19.483456	8.6125E+11	8.61132E+13	5621	TrackerOperationMode_Track	-3.258949	0.461739	197.711166	4211.238281	14.49028	1725.114014	696.918457	1497.930176	929.450806	1944.970459	940.74585	1652.39209	934.820557	0	0	0	0	0	0	0	0	0	0	0	0	0	0	0	0	0	0	0	0	0	0	0	0	0	0	0.300256	0.903692	-0.305265	-0.751003	0.026659	-0.659761	-0.588083	0.427352	0.68668	217.765945	4265.253418	-44.96677
0.942355	1.815506	-0.495966	-85.012299	25.161818	40.123764	-0.178471	-0.100501	0.053956	-84.833824	25.26232	40.069809	0.342508	0.90069	-0.267295	-0.737415	0.081433	-0.670513	-0.582157	0.426763	0.692074	0.998382	0.056856	-0.000458	-0.056858	0.99835	-0.008046	0	0.008059	0.999968	245.513138	4311.031738	34.801006	0.003865	0.999964	-0.007514	85.203424	-46.309865	102.509671	-42.010769	-102.509674	-19.485861	8.61254E+11	8.61136E+13	5629	TrackerOperationMode_Track	-3.259476	0.461769	197.750961	4211.236816	14.489622	1725.036865	696.854919	1497.824341	929.34906	1944.897339	940.636719	1652.260742	934.769653	0	0	0	0	0	0	0	0	0	0	0	0	0	0	0	0	0	0	0	0	0	0	0	0	0	0	0.300294	0.903667	-0.305302	-0.750988	0.026654	-0.659777	-0.588081	0.427406	0.686647	217.80899	4265.253418	-44.965057
0.942431	1.815536	-0.49598	-85.012192	25.165091	40.120831	-0.178454	-0.10049	0.053964	-84.83374	25.265581	40.066868	0.342528	0.900665	-0.267351	-0.737446	0.081432	-0.670479	-0.582106	0.426815	0.692085	0.998382	0.056855	-0.000458	-0.056857	0.99835	-0.008045	0	0.008058	0.999968	245.508957	4311.008789	34.794212	0.003865	0.999964	-0.007514	85.203491	-46.309991	102.509926	-42.009773	-102.509926	-19.48831	8.61257E+11	8.6114E+13	5637	TrackerOperationMode_Track	-3.25943	0.461678	197.747833	4211.213379	14.480541	1725.046997	696.815002	1497.897583	929.401001	1944.978027	940.600464	1652.324097	934.766113	0	0	0	0	0	0	0	0	0	0	0	0	0	0	0	0	0	0	0	0	0	0	0	0	0	0	0.300313	0.903643	-0.305355	-0.751022	0.026655	-0.659739	-0.588029	0.427457	0.68666	217.81041	4265.226562	-44.975464
0.942408	1.815586	-0.495888	-85.009842	25.167698	40.125626	-0.178452	-0.100485	0.05397	-84.83139	25.268185	40.071659	0.342607	0.900643	-0.267326	-0.737374	0.081467	-0.670554	-0.582151	0.426856	0.692022	0.998382	0.056855	-0.000458	-0.056857	0.99835	-0.008046	0	0.008059	0.999968	245.509964	4311.023926	34.799442	0.003865	0.999964	-0.007514	85.20142	-46.306117	102.502112	-42.005341	-102.502113	-19.488665	8.61261E+11	8.61143E+13	5644	TrackerOperationMode_Track	-3.259438	0.461746	197.753708	4211.23584	14.485355	1725.093506	696.90979	1497.884155	929.356445	1944.897583	940.603455	1652.290649	934.782288	0	0	0	0	0	0	0	0	0	0	0	0	0	0	0	0	0	0	0	0	0	0	0	0	0	0	0.300396	0.903622	-0.305335	-0.750953	0.026691	-0.659816	-0.588075	0.427498	0.686595	217.814758	4265.255371	-44.965549
0.942393	1.815595	-0.495878	-85.009903	25.167793	40.126541	-0.178454	-0.100486	0.05397	-84.831451	25.26828	40.072575	0.342612	0.900642	-0.267322	-0.737363	0.081466	-0.670566	-0.582162	0.426857	0.692012	0.998382	0.056854	-0.000458	-0.056856	0.99835	-0.008044	0	0.008057	0.999968	245.502274	4311.016602	34.791615	0.003865	0.999964	-0.007514	85.201471	-46.306214	102.502306	-42.005394	-102.502304	-19.488771	8.61265E+11	8.61147E+13	5652	TrackerOperationMode_Track	-3.259338	0.461639	197.746124	4211.228516	14.477612	1725.238281	696.894714	1497.879028	929.393066	1944.973022	940.564087	1652.350098	934.771729	0	0	0	0	0	0	0	0	0	0	0	0	0	0	0	0	0	0	0	0	0	0	0	0	0	0	0.300402	0.903621	-0.305331	-0.750943	0.026692	-0.659827	-0.588084	0.4275	0.686586	217.806839	4265.249023	-44.972584
0.942513	1.815628	-0.495918	-85.010231	25.172169	40.121101	-0.178429	-0.100469	0.053981	-84.831795	25.272638	40.067123	0.342626	0.90061	-0.267411	-0.737425	0.081458	-0.670499	-0.582075	0.426926	0.692042	0.998382	0.056855	-0.000458	-0.056857	0.99835	-0.008045	0	0.008058	0.999968	245.507233	4311.008789	34.793564	0.003865	0.999964	-0.007514	85.201997	-46.307197	102.50429	-42.00481	-102.504288	-19.492374	8.61268E+11	8.61151E+13	5660	TrackerOperationMode_Track	-3.259415	0.46167	197.751419	4211.21875	14.475887	1725.029663	696.756042	1497.87146	929.336975	1944.842163	940.486572	1652.263184	934.773315	0	0	0	0	0	0	0	0	0	0	0	0	0	0	0	0	0	0	0	0	0	0	0	0	0	0	0.300412	0.903589	-0.305417	-0.751006	0.026683	-0.659756	-0.587998	0.427569	0.686617	217.819427	4265.233398	-44.977211
0.942512	1.815682	-0.495895	-85.01059	25.174938	40.122204	-0.178424	-0.100463	0.053987	-84.832169	25.275402	40.068218	0.342654	0.90059	-0.267442	-0.737412	0.08145	-0.670514	-0.582075	0.42697	0.692015	0.998383	0.056852	-0.000458	-0.056854	0.99835	-0.008045	0	0.008058	0.999968	245.496628	4311.024902	34.795128	0.003865	0.999964	-0.007514	85.202427	-46.308002	102.505912	-42.004601	-102.505913	-19.494734	8.61272E+11	8.61154E+13	5667	TrackerOperationMode_Track	-3.259262	0.461685	197.741211	4211.23291	14.475052	1725.036377	696.803711	1497.888062	929.374695	1944.885254	940.50647	1652.268555	934.777588	0	0	0	0	0	0	0	0	0	0	0	0	0	0	0	0	0	0	0	0	0	0	0	0	0	0	0.300443	0.903569	-0.305447	-0.750994	0.026679	-0.65977	-0.587998	0.427612	0.68659	217.811844	4265.248535	-44.976051
0.942456	1.815545	-0.49595	-85.010689	25.166407	40.121365	-0.178448	-0.100486	0.053967	-84.832237	25.266893	40.067398	0.342563	0.900653	-0.267346	-0.73743	0.081455	-0.670494	-0.582106	0.426835	0.692072	0.998383	0.056851	-0.000458	-0.056852	0.99835	-0.008045	0	0.008058	0.999968	245.488953	4311.009766	34.797409	0.003865	0.999964	-0.007514	85.202179	-46.307538	102.504977	-42.007084	-102.504974	-19.488281	8.61275E+11	8.61158E+13	5675	TrackerOperationMode_Track	-3.259163	0.461716	197.731262	4211.21875	14.483738	1725.141113	696.735413	1497.863159	929.347839	1944.854736	940.52356	1652.315063	934.750854	0	0	0	0	0	0	0	0	0	0	0	0	0	0	0	0	0	0	0	0	0	0	0	0	0	0	0.300353	0.903632	-0.305348	-0.751005	0.026682	-0.659757	-0.58803	0.427478	0.686647	217.793335	4265.233398	-44.971279
0.942439	1.815532	-0.495983	-85.012108	25.165092	40.120441	-0.178453	-0.100489	0.053964	-84.833656	25.265581	40.066479	0.342528	0.900665	-0.267352	-0.73745	0.081434	-0.670474	-0.582101	0.426815	0.692089	0.998382	0.056856	-0.000458	-0.056858	0.99835	-0.008041	0	0.008054	0.999968	245.512131	4311.023926	34.77853	0.003865	0.999964	-0.007514	85.20342	-46.309858	102.509658	-42.009655	-102.509659	-19.488258	8.61279E+11	8.61162E+13	5683	TrackerOperationMode_Track	-3.259468	0.461464	197.751068	4211.228516	14.465292	1725.062988	696.774536	1497.916748	929.328674	1944.855469	940.598267	1652.278076	934.759766	0	0	0	0	0	0	0	0	0	0	0	0	0	0	0	0	0	0	0	0	0	0	0	0	0	0	0.300312	0.903643	-0.305357	-0.751028	0.026657	-0.659732	-0.588022	0.427457	0.686667	217.813766	4265.241211	-44.991249
0.942442	1.815565	-0.495915	-85.009857	25.167309	40.123379	-0.178448	-0.100484	0.053969	-84.831413	25.267794	40.069412	0.342592	0.900646	-0.267335	-0.737401	0.081467	-0.670525	-0.582126	0.42685	0.692047	0.998383	0.05685	-0.000458	-0.056852	0.99835	-0.008043	0	0.008057	0.999968	245.488159	4311.017578	34.789333	0.003865	0.999964	-0.007514	85.201447	-46.306169	102.502215	-42.00552	-102.502213	-19.488392	8.61283E+11	8.61165E+13	5690	TrackerOperationMode_Track	-3.259155	0.461609	197.732208	4211.229492	14.475763	1725.058105	696.805176	1497.849609	929.338867	1944.868286	940.561707	1652.269653	934.78009	0	0	0	0	0	0	0	0	0	0	0	0	0	0	0	0	0	0	0	0	0	0	0	0	0	0	0.300383	0.903625	-0.305339	-0.750979	0.026696	-0.659787	-0.588048	0.427492	0.686622	217.793564	4265.246582	-44.977318
0.942468	1.81564	-0.495892	-85.010246	25.171797	40.123657	-0.178436	-0.100472	0.05398	-84.83181	25.272268	40.069675	0.342634	0.900613	-0.267392	-0.737396	0.081458	-0.670531	-0.582108	0.42692	0.692018	0.998383	0.05685	-0.000458	-0.056852	0.99835	-0.008044	0	0.008057	0.999968	245.48613	4311.019531	34.79126	0.003865	0.999964	-0.007514	85.201974	-46.307155	102.504204	-42.004898	-102.504204	-19.49209	8.61286E+11	8.61169E+13	5698	TrackerOperationMode_Track	-3.259125	0.461639	197.730743	4211.229492	14.473923	1725.194214	696.788208	1497.934448	929.390747	1944.95166	940.542664	1652.268555	934.777588	0	0	0	0	0	0	0	0	0	0	0	0	0	0	0	0	0	0	0	0	0	0	0	0	0	0	0.300425	0.903592	-0.305396	-0.750976	0.026688	-0.65979	-0.58803	0.427563	0.686593	217.797012	4265.24707	-44.977192
0.942416	1.815616	-0.495959	-85.013565	25.168798	40.122272	-0.178449	-0.100482	0.053973	-84.835114	25.269281	40.068302	0.342555	0.90064	-0.267403	-0.737434	0.081408	-0.670495	-0.582106	0.426873	0.692049	0.998383	0.056846	-0.000458	-0.056848	0.99835	-0.008044	0	0.008057	0.999968	245.469345	4311.010742	34.791985	0.003865	0.999964	-0.007514	85.204871	-46.312572	102.515131	-42.010868	-102.515129	-19.492083	8.6129E+11	8.61172E+13	5705	TrackerOperationMode_Track	-3.258904	0.461647	197.707764	4211.209961	14.474552	1724.942261	696.837585	1497.853638	929.394531	1944.822754	940.653015	1652.19104	934.79248	0	0	0	0	0	0	0	0	0	0	0	0	0	0	0	0	0	0	0	0	0	0	0	0	0	0	0.300347	0.903616	-0.305402	-0.751009	0.02664	-0.659755	-0.588028	0.427515	0.686625	217.774384	4265.224609	-44.978859
0.94243	1.81573	-0.495823	-85.010117	25.17577	40.12796	-0.178433	-0.100465	0.053989	-84.831688	25.276236	40.073971	0.342696	0.900583	-0.267412	-0.737341	0.081457	-0.670591	-0.582141	0.426983	0.691952	0.998383	0.056838	-0.000458	-0.056839	0.998351	-0.008043	0	0.008056	0.999968	245.432007	4311.012695	34.788532	0.003865	0.999964	-0.007514	85.201978	-46.307162	102.504219	-42.003544	-102.504219	-19.495016	8.61294E+11	8.61176E+13	5713	TrackerOperationMode_Track	-3.258415	0.461601	197.679199	4211.22168	14.468334	1725.07605	696.944946	1497.868896	929.419189	1944.940308	940.592285	1652.223022	934.816711	0	0	0	0	0	0	0	0	0	0	0	0	0	0	0	0	0	0	0	0	0	0	0	0	0	0	0.300499	0.903562	-0.305412	-0.750921	0.0267	-0.659852	-0.588062	0.427625	0.686527	217.746979	4265.244141	-44.977695
0.937286	1.799223	-0.503219	-85.020767	24.181684	39.945675	-0.181072	-0.103038	0.051593	-84.839699	24.284723	39.894085	0.331715	0.907819	-0.256575	-0.740397	0.081984	-0.667151	-0.584617	0.411271	0.699341	0.998383	0.056852	-0.000458	-0.056853	0.99835	-0.008045	0	0.008058	0.999968	245.492279	4311.009766	34.797234	0.003865	0.999964	-0.007514	85.173875	-46.254632	102.398254	-42.28772	-102.398254	-18.741394	8.61301E+11	8.61183E+13	5728	TrackerOperationMode_Track	-3.259216	0.461716	197.460052	4211.335449	15.231285	1724.991089	696.810791	1497.805054	929.409851	1944.830811	940.549805	1652.235718	934.795898	0	0	0	0	0	0	0	0	0	0	0	0	0	0	0	0	0	0	0	0	0	0	0	0	0	0	0.289353	0.910823	-0.294409	-0.753331	0.026927	-0.65709	-0.590565	0.411919	0.693942	216.571991	4265.127441	-44.736385
0.942375	1.815074	-0.496066	-85.005562	25.140461	40.118317	-0.17851	-0.10055	0.053902	-84.827057	25.241013	40.064415	0.342354	0.900838	-0.266992	-0.737457	0.081554	-0.670452	-0.582194	0.426427	0.69225	0.998382	0.056855	-0.000458	-0.056857	0.99835	-0.008042	0	0.008055	0.999968	245.509247	4311.016602	34.784355	0.003865	0.999964	-0.007514	85.19652	-46.296956	102.48363	-42.006241	-102.483627	-19.46493	8.61305E+11	8.61187E+13	5736	TrackerOperationMode_Track	-3.25943	0.461548	197.753143	4211.24707	14.494507	1725.059937	696.792725	1497.899536	929.357788	1944.94165	940.574097	1652.38855	934.747864	0	0	0	0	0	0	0	0	0	0	0	0	0	0	0	0	0	0	0	0	0	0	0	0	0	0	0.300139	0.903822	-0.304995	-0.751024	0.026771	-0.659732	-0.588116	0.42707	0.686827	217.784866	4265.259277	-44.973034
0.942356	1.815464	-0.495981	-85.011826	25.159662	40.123043	-0.178475	-0.100506	0.053951	-84.833351	25.26017	40.069092	0.342489	0.900705	-0.267268	-0.737423	0.081442	-0.670503	-0.582159	0.426729	0.692093	0.998383	0.05685	-0.000458	-0.056852	0.99835	-0.008042	0	0.008055	0.999968	245.487854	4311.017578	34.783878	0.003865	0.999964	-0.007514	85.20292	-46.308924	102.507772	-42.010643	-102.507774	-19.483896	8.61308E+11	8.61191E+13	5743	TrackerOperationMode_Track	-3.259148	0.46154	197.726471	4211.224121	14.474882	1725.088867	696.843201	1497.879028	929.393066	1944.905273	940.68042	1652.276489	934.79541	0	0	0	0	0	0	0	0	0	0	0	0	0	0	0	0	0	0	0	0	0	0	0	0	0	0	0.300279	0.903683	-0.305271	-0.750996	0.026669	-0.659768	-0.58808	0.427371	0.68667	217.781799	4265.239746	-44.981438
