Op. Mode	AZ	EL	X	Y	Z	C1x	C1y	C2x	C2y	C3x	C3y	C4x	C4y	Pitch	Roll	Yaw	F[0]	F[1]	F[2]	F[3]	F[4]	F[5]	F[6]	F[7]	F[8]
TrackerOperationMode_Track	-1.559814	15.466171	78.96402	2899.822754	802.645691	1696.302979	372.466827	1698.74231	603.50946	1836.373779	995.610413	1580.085327	1000.961182	-17.612675	-1.091779	-0.415507	0.999044	0.04021	-0.017133	-0.039537	0.998496	0.037981	0.018635	-0.037268	0.999132
TrackerOperationMode_Track	-1.559845	15.466202	78.964775	2899.793945	802.639526	1696.334473	372.465088	1698.796875	603.449036	1836.344238	995.648987	1580.099365	1000.951782	-17.622797	-1.088165	-0.407205	0.999052	0.04005	-0.017067	-0.039376	0.998496	0.038155	0.01857	-0.037447	0.999126
TrackerOperationMode_Track	-1.559875	15.466171	78.965614	2899.768066	802.630859	1696.235596	372.442322	1698.701904	603.536072	1836.295654	995.709656	1580.078735	1001.008362	-17.610077	-1.09391	-0.411778	0.999046	0.040157	-0.01717	-0.039483	0.9985	0.037937	0.018668	-0.037223	0.999133
TrackerOperationMode_Track	-1.559875	15.466362	78.965195	2899.752197	802.636719	1696.389771	372.605103	1698.772339	603.576294	1836.408447	995.722839	1580.138428	1001.089539	-17.625099	-1.087889	-0.423874	0.99904	0.04034	-0.017062	-0.039666	0.998483	0.038193	0.018576	-0.037479	0.999125
TrackerOperationMode_Track	-1.559929	15.466202	78.967827	2899.753174	802.628296	1696.397461	372.560242	1698.784668	603.552429	1836.460571	995.682861	1580.224121	1001.004639	-17.613998	-1.093517	-0.427669	0.999035	0.040434	-0.017161	-0.039759	0.998486	0.038005	0.018672	-0.037286	0.99913
TrackerOperationMode_Track	-1.559914	15.466362	78.967163	2899.765137	802.640198	1696.434692	372.483032	1698.768066	603.543335	1836.497314	995.719604	1580.296753	1000.961243	-17.603817	-1.094985	-0.440497	0.999025	0.040662	-0.017192	-0.039989	0.998484	0.037825	0.018704	-0.037101	0.999136
TrackerOperationMode_Track	-1.559814	15.466278	78.962112	2899.752441	802.632446	1696.306152	372.458221	1698.839478	603.575073	1836.449585	995.699036	1580.191528	1001.038086	-17.598293	-1.099663	-0.402474	0.99905	0.04002	-0.017273	-0.039346	0.998513	0.037733	0.018757	-0.037018	0.999139
																									
	-1.559866571	15.46624971	78.96524371	2899.772531	802.6362479	1696.343018	372.4972621	1698.772234	603.5345284	1836.404227	995.6847709	1580.15918	1001.002119												
