rvec[0]	rvec[1]	rvec[2]	Yaw Raw	Pitch Raw	Roll Raw	Yaw Error	Pitch Error	Roll Error	Yaw Comp	Pitch Comp	Roll Comp	fpinfc[0]	fpinfc[1]	fpinfc[2]	fpinfc[3]	fpinfc[4]	fpinfc[5]	fpinfc[6]	fpinfc[7]	fpinfc[8]	fbinft[0]	fbinft[1]	fbinft[2]	fbinft[3]	fbinft[4]	fbinft[5]	fbinft[6]	fbinft[7]	fbinft[8]	Before Comp. X	Before Comp. Y	Before Comp Z.	Retro Normal X	Retro Normal Y	Retro Normal Z	Combo angle (degree)	Error Lateral	Error Longitudinal	ADM comp in fb X	ADM comp in fb Y	ADM comp in fb Z	Tracker Timestamp	Camera Timestamp	Trigger Counter	Operation Mode	AZ	EL	X	Y	Z	CX1	CY1	CX2	CY2	CX3	CY3	CX4	CY4	CX5	CY5	CX6	CY6	CX7	CY7	CX8	CY8	CX9	CY9	CX10	CY10	CX11	CY11	CX12	CY12	CX13	CY13	CX14	CY14	CX15	CY15	CX16	CY16	CX17	CY17	fpinft[0]	fpinft[1]	fpinft[2]	fpinft[3]	fpinft[4]	fpinft[5]	fpinft[6]	fpinft[7]	fpinft[8]	TipX	TipY	TipZ
1.05669	1.93948	-0.445597	-83.9811	34.5312	38.8529	-0.146949	-0.0734158	0.0753825	-83.8341	34.6046	38.7775	0.437356	0.818329	-0.372903	-0.736871	0.0884058	-0.670228	-0.5155	0.56791	0.641668	0.998367	0.0571252	-0.000477331	-0.0571272	0.998332	-0.00834193	0	0.00835557	0.999965	246.714	4311.62	36.0865	0.003865	0.999964	-0.007514	84.8024	-45.564	101.005	-37.6445	-101.005	-25.6704	8.68089E+11	8.67972E+13	2308	TrackerOperationMode_Track	-3.274933	0.478745	203.372986	4213.144531	9.573004	1304.089111	730.605713	1381.360107	1257.603149	1631.459473	853.304138	1506.333984	1057.126343	0	0	0	0	0	0	0	0	0	0	0	0	0	0	0	0	0	0	0	0	0	0	0	0	0	0	0.394794	0.821772	-0.410888	-0.756327	0.036772	-0.653159	-0.521639	0.568629	0.636046	232.669586	4266.553223	-46.500153
1.119875	2.128624	-0.346281	-83.232162	46.191746	41.269859	-0.110422	-0.047453	0.105253	-83.121735	46.239201	41.164608	0.562129	0.686671	-0.460971	-0.69047	0.082832	-0.718602	-0.455261	0.722234	0.520688	0.998367	0.057125	-0.000477	-0.057127	0.998332	-0.008342	0	0.008355	0.999965	246.711685	4311.614746	36.084644	0.003865	0.999964	-0.007514	85.091772	-46.101387	102.089135	-32.032681	-102.089134	-33.154869	8.68093E+11	8.67975E+13	2316	TrackerOperationMode_Track	-3.27491	0.478729	208.915314	4211.802246	2.07795	1304.080078	730.616699	1381.366699	1257.609741	1631.47644	853.306458	1506.255737	1057.132812	0	0	0	0	0	0	0	0	0	0	0	0	0	0	0	0	0	0	0	0	0	0	0	0	0	0	0.521985	0.689937	-0.501517	-0.717634	0.037442	-0.695413	-0.461014	0.7229	0.514666	246.521011	4268.712891	-44.847107
1.122211	2.135916	-0.341847	-83.16465	46.645832	41.400459	-0.108749	-0.046649	0.106506	-83.055901	46.692482	41.293953	0.567529	0.680882	-0.462937	-0.687764	0.082928	-0.721182	-0.45265	0.727683	0.51535	0.998367	0.057125	-0.000477	-0.057127	0.998332	-0.008342	0	0.008356	0.999965	246.710907	4311.601074	36.085972	0.003865	0.999964	-0.007514	85.08456	-46.087942	102.062015	-31.757559	-102.062012	-33.39994	8.68096E+11	8.67979E+13	2323	TrackerOperationMode_Track	-3.27491	0.478745	209.190872	4211.802246	1.834412	1304.077515	730.658569	1381.358032	1257.627319	1631.49353	853.354309	1506.293335	1057.116577	0	0	0	0	0	0	0	0	0	0	0	0	0	0	0	0	0	0	0	0	0	0	0	0	0	0	0.527529	0.68416	-0.503624	-0.715262	0.037822	-0.697832	-0.458381	0.72835	0.509306	247.006744	4268.911133	-44.678749
1.122273	2.135969	-0.341746	-83.159592	46.650883	41.404079	-0.108722	-0.046649	0.10652	-83.050865	46.697533	41.297562	0.567658	0.680811	-0.462883	-0.687664	0.08298	-0.721272	-0.45264	0.727743	0.515274	0.998367	0.057125	-0.000477	-0.057127	0.998332	-0.008342	0	0.008356	0.999965	246.71376	4311.622559	36.086338	0.003865	0.999964	-0.007514	85.081506	-46.08225	102.050532	-31.750502	-102.050529	-33.398792	8.68099E+11	8.67982E+13	2330	TrackerOperationMode_Track	-3.274933	0.478745	209.201385	4211.834473	1.836021	1304.115601	730.545776	1381.350952	1257.622559	1631.584106	853.307617	1506.292969	1057.114868	0	0	0	0	0	0	0	0	0	0	0	0	0	0	0	0	0	0	0	0	0	0	0	0	0	0	0.527664	0.684092	-0.503576	-0.71517	0.037878	-0.697924	-0.45837	0.728411	0.509229	247.013702	4268.950684	-44.671097
1.122253	2.136029	-0.341728	-83.160515	46.653465	41.405308	-0.108714	-0.046644	0.106529	-83.051804	46.700108	41.298779	0.567676	0.68078	-0.462906	-0.687655	0.082965	-0.721281	-0.452629	0.727774	0.515239	0.998367	0.057126	-0.000477	-0.057128	0.998332	-0.008342	0	0.008356	0.999965	246.716675	4311.645996	36.086342	0.003865	0.999964	-0.007514	85.082366	-46.083853	102.053767	-31.750137	-102.053764	-33.401356	8.68103E+11	8.67986E+13	2338	TrackerOperationMode_Track	-3.274948	0.478745	209.204468	4211.85498	1.833435	1304.073242	730.608887	1381.343628	1257.629272	1631.552979	853.380676	1506.306152	1057.101685	0	0	0	0	0	0	0	0	0	0	0	0	0	0	0	0	0	0	0	0	0	0	0	0	0	0	0.527683	0.684061	-0.503599	-0.715163	0.037864	-0.697932	-0.458359	0.728442	0.509195	247.018906	4268.972168	-44.671021
1.122323	2.1361	-0.34174	-83.162628	46.658607	41.40181	-0.108704	-0.046622	0.106538	-83.053925	46.705231	41.295273	0.567663	0.680719	-0.463013	-0.687716	0.082931	-0.721228	-0.452555	0.727835	0.515218	0.998367	0.057126	-0.000477	-0.057128	0.998332	-0.008342	0	0.008355	0.999965	246.716492	4311.645996	36.086124	0.003865	0.999964	-0.007514	85.084307	-46.08747	102.061063	-31.749725	-102.061066	-33.406734	8.68106E+11	8.67989E+13	2345	TrackerOperationMode_Track	-3.274948	0.478737	209.204269	4211.847656	1.827793	1304.002197	730.601135	1381.341797	1257.639526	1631.525269	853.297729	1506.304932	1057.085815	0	0	0	0	0	0	0	0	0	0	0	0	0	0	0	0	0	0	0	0	0	0	0	0	0	0	0.527666	0.683997	-0.503703	-0.715223	0.037834	-0.697872	-0.458285	0.728503	0.509174	247.027649	4268.959961	-44.675285
1.122334	2.136123	-0.34172	-83.161972	46.660172	41.402508	-0.108698	-0.04662	0.106542	-83.053276	46.706791	41.295967	0.567688	0.680698	-0.463012	-0.687699	0.082937	-0.721243	-0.452548	0.727854	0.515198	0.998367	0.057126	-0.000477	-0.057128	0.998332	-0.008341	0	0.008355	0.999965	246.716293	4311.624512	36.083065	0.003865	0.999964	-0.007514	85.083991	-46.086882	102.059876	-31.748388	-102.059875	-33.4072	8.6811E+11	8.67993E+13	2353	TrackerOperationMode_Track	-3.274963	0.478706	209.205444	4211.827148	1.824333	1304.000488	730.608154	1381.371826	1257.648071	1631.513062	853.33905	1506.3125	1057.092896	0	0	0	0	0	0	0	0	0	0	0	0	0	0	0	0	0	0	0	0	0	0	0	0	0	0	0.527692	0.683977	-0.503703	-0.715208	0.03784	-0.697887	-0.458278	0.728521	0.509154	247.028961	4268.94043	-44.677193
1.122344	2.136082	-0.341747	-83.162216	46.658169	41.400928	-0.108706	-0.046621	0.106535	-83.053513	46.704792	41.294395	0.567657	0.680724	-0.463012	-0.687723	0.082937	-0.72122	-0.452551	0.72783	0.515229	0.998367	0.057126	-0.000477	-0.057128	0.998332	-0.008341	0	0.008354	0.999965	246.717285	4311.630859	36.080906	0.003865	0.999964	-0.007514	85.083988	-46.086877	102.059866	-31.749556	-102.059868	-33.406078	8.68114E+11	8.67996E+13	2360	TrackerOperationMode_Track	-3.274971	0.478668	209.205261	4211.833496	1.82336	1303.955444	730.527832	1381.334351	1257.646362	1631.482544	853.355469	1506.296387	1057.11377	0	0	0	0	0	0	0	0	0	0	0	0	0	0	0	0	0	0	0	0	0	0	0	0	0	0	0.527659	0.684002	-0.503702	-0.715231	0.03784	-0.697863	-0.45828	0.728498	0.509186	247.028564	4268.945312	-44.680687
1.122331	2.136128	-0.341729	-83.16275	46.660252	41.401997	-0.108699	-0.046618	0.106542	-83.054054	46.706871	41.295456	0.567676	0.680698	-0.463027	-0.687713	0.082927	-0.721231	-0.452543	0.727855	0.515201	0.998367	0.057125	-0.000477	-0.057127	0.998332	-0.008341	0	0.008355	0.999965	246.716019	4311.640137	36.082615	0.003865	0.999964	-0.007514	85.084538	-46.087903	102.061935	-31.749067	-102.061935	-33.407951	8.68117E+11	8.68E+13	2367	TrackerOperationMode_Track	-3.27494	0.478691	209.204422	4211.84082	1.823139	1304.000977	730.566772	1381.362427	1257.633789	1631.501587	853.34137	1506.273438	1057.119629	0	0	0	0	0	0	0	0	0	0	0	0	0	0	0	0	0	0	0	0	0	0	0	0	0	0	0.527679	0.683977	-0.503718	-0.715221	0.037832	-0.697873	-0.458273	0.728522	0.509157	247.029144	4268.953125	-44.67868
1.122298	2.136109	-0.341686	-83.160019	46.658878	41.405708	-0.108696	-0.046632	0.106542	-83.051323	46.705513	41.299168	0.567728	0.680711	-0.462944	-0.687641	0.082962	-0.721296	-0.452588	0.727839	0.515185	0.998367	0.057126	-0.000477	-0.057128	0.998332	-0.008341	0	0.008355	0.999965	246.717743	4311.629883	36.082546	0.003865	0.999964	-0.007514	85.082508	-46.084118	102.0543	-31.74715	-102.054298	-33.404556	8.68121E+11	8.68003E+13	2375	TrackerOperationMode_Track	-3.274979	0.478691	209.208435	4211.837891	1.82653	1304.090454	730.593384	1381.353516	1257.643066	1631.515015	853.333679	1506.27063	1057.105347	0	0	0	0	0	0	0	0	0	0	0	0	0	0	0	0	0	0	0	0	0	0	0	0	0	0	0.527734	0.683992	-0.503639	-0.715152	0.037865	-0.697943	-0.458317	0.728506	0.509141	247.026566	4268.956055	-44.67382
1.122313	2.136299	-0.341602	-83.160576	46.669228	41.408695	-0.10866	-0.046611	0.106572	-83.05191	46.715839	41.302124	0.567826	0.680582	-0.463014	-0.687599	0.082939	-0.721338	-0.452528	0.727962	0.515063	0.998367	0.057126	-0.000477	-0.057128	0.998332	-0.008342	0	0.008355	0.999965	246.716736	4311.632324	36.084179	0.003865	0.999964	-0.007514	85.083794	-46.086514	102.059135	-31.742796	-102.059135	-33.411999	8.68124E+11	8.68007E+13	2382	TrackerOperationMode_Track	-3.274963	0.478722	209.211517	4211.835449	1.820625	1303.982422	730.696228	1381.334351	1257.646362	1631.508179	853.358887	1506.238159	1057.121338	0	0	0	0	0	0	0	0	0	0	0	0	0	0	0	0	0	0	0	0	0	0	0	0	0	0	0.527835	0.683861	-0.503711	-0.715116	0.037848	-0.69798	-0.458257	0.72863	0.509018	247.036423	4268.956543	-44.670288
1.122309	2.136289	-0.341635	-83.16227	46.668331	41.406948	-0.108667	-0.046608	0.106569	-83.053596	46.714939	41.300381	0.567784	0.680596	-0.463045	-0.687639	0.08292	-0.721302	-0.452519	0.727952	0.515085	0.998367	0.057126	-0.000477	-0.057128	0.998332	-0.008341	0	0.008355	0.999965	246.718277	4311.629883	36.083946	0.003865	0.999964	-0.007514	85.084891	-46.08856	102.063261	-31.744793	-102.063263	-33.412918	8.68128E+11	8.68011E+13	2390	TrackerOperationMode_Track	-3.274986	0.478714	209.210785	4211.829102	1.819454	1304.001221	730.661438	1381.334351	1257.646362	1631.483154	853.38446	1506.252563	1057.108154	0	0	0	0	0	0	0	0	0	0	0	0	0	0	0	0	0	0	0	0	0	0	0	0	0	0	0.527791	0.683874	-0.50374	-0.715154	0.037829	-0.697943	-0.458249	0.728619	0.509041	247.037964	4268.947266	-44.673275
1.122302	2.136279	-0.341592	-83.159492	46.668098	41.409794	-0.108661	-0.046617	0.10657	-83.050835	46.714714	41.303223	0.567839	0.680595	-0.46298	-0.687576	0.082954	-0.721359	-0.452547	0.727949	0.515065	0.998367	0.057124	-0.000477	-0.057126	0.998332	-0.008339	0	0.008353	0.999965	246.709274	4311.632812	36.075516	0.003865	0.999964	-0.007514	85.082943	-46.084929	102.055937	-31.742321	-102.055939	-33.410267	8.68131E+11	8.68014E+13	2397	TrackerOperationMode_Track	-3.274864	0.4786	209.20488	4211.838867	1.813934	1304.036621	730.679688	1381.335327	1257.651123	1631.442505	853.381958	1506.212769	1057.134399	0	0	0	0	0	0	0	0	0	0	0	0	0	0	0	0	0	0	0	0	0	0	0	0	0	0	0.52785	0.683875	-0.503676	-0.715094	0.037865	-0.698003	-0.458274	0.728616	0.509021	247.026855	4268.961914	-44.677204
1.122267	2.136275	-0.341608	-83.16069	46.666878	41.409973	-0.108666	-0.046619	0.106569	-83.052017	46.713497	41.303406	0.567816	0.680612	-0.462982	-0.687587	0.082941	-0.72135	-0.452559	0.727934	0.515075	0.998367	0.057126	-0.000477	-0.057128	0.998332	-0.008339	0	0.008353	0.999965	246.718613	4311.614746	36.072929	0.003865	0.999964	-0.007514	85.083654	-46.086253	102.058608	-31.743986	-102.058609	-33.410515	8.68135E+11	8.68017E+13	2404	TrackerOperationMode_Track	-3.275002	0.478569	209.212158	4211.818359	1.811134	1304.010132	730.717346	1381.26709	1257.710449	1631.428101	853.355347	1506.189331	1057.123901	0	0	0	0	0	0	0	0	0	0	0	0	0	0	0	0	0	0	0	0	0	0	0	0	0	0	0.527825	0.683891	-0.50368	-0.715104	0.037851	-0.697992	-0.458286	0.728602	0.509032	247.034317	4268.94043	-44.680798
1.122354	2.136224	-0.341638	-83.15995	46.666313	41.405914	-0.108672	-0.046614	0.106561	-83.051285	46.712929	41.299355	0.567788	0.680618	-0.463008	-0.687631	0.082951	-0.721306	-0.452527	0.727928	0.515112	0.998367	0.057125	-0.000477	-0.057127	0.998332	-0.008341	0	0.008354	0.999965	246.712738	4311.623047	36.081043	0.003865	0.999964	-0.007514	85.083129	-46.085275	102.056634	-31.74362	-102.056633	-33.409504	8.68138E+11	8.68021E+13	2412	TrackerOperationMode_Track	-3.274918	0.478676	209.206924	4211.828613	1.820084	1304.014893	730.627625	1381.32666	1257.668701	1631.449341	853.314819	1506.261841	1057.137939	0	0	0	0	0	0	0	0	0	0	0	0	0	0	0	0	0	0	0	0	0	0	0	0	0	0	0.527796	0.683898	-0.503702	-0.715146	0.03786	-0.69795	-0.458256	0.728595	0.509068	247.030884	4268.947266	-44.674805
1.122378	2.136313	-0.341611	-83.160767	46.671516	41.406067	-0.108656	-0.0466	0.106574	-83.052116	46.718117	41.299496	0.56782	0.680554	-0.463063	-0.687632	0.082933	-0.721307	-0.452485	0.72799	0.515062	0.998367	0.057126	-0.000477	-0.057128	0.998332	-0.008339	0	0.008353	0.999965	246.720184	4311.632324	36.075302	0.003865	0.999964	-0.007514	85.084155	-46.087188	102.060494	-31.741949	-102.060493	-33.413738	8.68142E+11	8.68024E+13	2419	TrackerOperationMode_Track	-3.275002	0.478592	209.215668	4211.833984	1.810226	1303.920654	730.634888	1381.316162	1257.637695	1631.469971	853.289734	1506.236816	1057.077148	0	0	0	0	0	0	0	0	0	0	0	0	0	0	0	0	0	0	0	0	0	0	0	0	0	0	0.527826	0.683833	-0.503758	-0.715151	0.037845	-0.697945	-0.458213	0.728657	0.509019	247.044662	4268.952148	-44.680912
1.122396	2.136331	-0.341604	-83.160713	46.672905	41.405766	-0.108652	-0.046596	0.106577	-83.052063	46.719501	41.299187	0.567829	0.680536	-0.463078	-0.687634	0.082932	-0.721305	-0.45247	0.728006	0.515051	0.998367	0.057122	-0.000477	-0.057124	0.998332	-0.008339	0	0.008353	0.999965	246.697479	4311.618164	36.072945	0.003865	0.999964	-0.007514	85.084242	-46.08735	102.06082	-31.741245	-102.060822	-33.414623	8.68145E+11	8.68028E+13	2426	TrackerOperationMode_Track	-3.274719	0.478569	209.194138	4211.819336	1.807022	1303.897583	730.704407	1381.337402	1257.632935	1631.429688	853.335754	1506.309692	1057.075684	0	0	0	0	0	0	0	0	0	0	0	0	0	0	0	0	0	0	0	0	0	0	0	0	0	0	0.527839	0.683815	-0.50377	-0.715151	0.037848	-0.697945	-0.458198	0.728673	0.509008	247.024155	4268.9375	-44.683338
1.122291	2.136292	-0.341586	-83.159676	46.668484	41.410366	-0.108659	-0.046617	0.106572	-83.051018	46.715099	41.303795	0.567844	0.68059	-0.46298	-0.68757	0.082951	-0.721364	-0.452549	0.727953	0.515057	0.998367	0.057124	-0.000477	-0.057126	0.998332	-0.00834	0	0.008354	0.999965	246.711319	4311.638672	36.077759	0.003865	0.999964	-0.007514	85.0831	-46.085221	102.056525	-31.742302	-102.056526	-33.410683	8.68149E+11	8.68032E+13	2434	TrackerOperationMode_Track	-3.274879	0.47863	209.206879	4211.844238	1.815704	1304.120605	730.712402	1381.316162	1257.637695	1631.51062	853.333069	1506.290771	1057.093384	0	0	0	0	0	0	0	0	0	0	0	0	0	0	0	0	0	0	0	0	0	0	0	0	0	0	0.527856	0.68387	-0.503677	-0.715088	0.037862	-0.698008	-0.458277	0.728621	0.509013	247.028931	4268.967773	-44.674755
1.122314	2.136208	-0.341607	-83.158096	46.664799	41.409111	-0.10867	-0.046626	0.10656	-83.049423	46.711426	41.302551	0.567824	0.680634	-0.462939	-0.687574	0.082975	-0.721358	-0.452568	0.72791	0.515102	0.998367	0.057125	-0.000477	-0.057127	0.998332	-0.008339	0	0.008353	0.999965	246.712219	4311.638672	36.075565	0.003865	0.999964	-0.007514	85.081691	-46.082595	102.051228	-31.74258	-102.051231	-33.406799	8.68152E+11	8.68035E+13	2441	TrackerOperationMode_Track	-3.274895	0.4786	209.207779	4211.849609	1.81749	1304.093872	730.661011	1381.307495	1257.655273	1631.471436	853.301147	1506.272339	1057.093628	0	0	0	0	0	0	0	0	0	0	0	0	0	0	0	0	0	0	0	0	0	0	0	0	0	0	0.527836	0.683915	-0.503636	-0.715091	0.037884	-0.698005	-0.458296	0.728577	0.509058	247.026215	4268.972656	-44.676456
1.122346	2.136176	-0.341681	-83.161156	46.66341	41.404007	-0.108685	-0.046616	0.106552	-83.052475	46.710026	41.297455	0.567736	0.680656	-0.463016	-0.687669	0.082941	-0.721271	-0.452534	0.727893	0.515155	0.998367	0.057125	-0.000477	-0.057127	0.998332	-0.00834	0	0.008354	0.999965	246.714127	4311.617188	36.078194	0.003865	0.999964	-0.007514	85.083707	-46.086353	102.058809	-31.746105	-102.058807	-33.408634	8.68156E+11	8.68038E+13	2448	TrackerOperationMode_Track	-3.274933	0.478638	209.205673	4211.820801	1.818153	1304.01123	730.613342	1381.342407	1257.640137	1631.373169	853.34198	1506.242065	1057.14209	0	0	0	0	0	0	0	0	0	0	0	0	0	0	0	0	0	0	0	0	0	0	0	0	0	0	0.527741	0.683935	-0.503708	-0.715181	0.037848	-0.697914	-0.458263	0.72856	0.509112	247.029877	4268.936523	-44.68013
1.122306	2.136304	-0.341609	-83.161201	46.669273	41.408463	-0.108661	-0.04661	0.106573	-83.052536	46.715881	41.301891	0.567816	0.680582	-0.463025	-0.687609	0.082932	-0.72133	-0.452525	0.727963	0.515064	0.998367	0.057125	-0.000477	-0.057127	0.998332	-0.008342	0	0.008356	0.999965	246.711365	4311.608887	36.087223	0.003865	0.999964	-0.007514	85.084232	-46.087332	102.060784	-31.743359	-102.060783	-33.412594	8.68159E+11	8.68042E+13	2456	TrackerOperationMode_Track	-3.27491	0.47876	209.205582	4211.810547	1.822994	1303.967529	730.742554	1381.334351	1257.646362	1631.505005	853.37561	1506.277954	1057.095703	0	0	0	0	0	0	0	0	0	0	0	0	0	0	0	0	0	0	0	0	0	0	0	0	0	0	0.527826	0.683861	-0.50372	-0.715124	0.037841	-0.697972	-0.458255	0.72863	0.509019	247.031265	4268.931152	-44.668007
1.122328	2.136343	-0.341599	-83.161514	46.671787	41.408085	-0.108654	-0.046602	0.106579	-83.052864	46.718388	41.301506	0.567829	0.680551	-0.463055	-0.687614	0.082924	-0.721325	-0.452501	0.727993	0.515043	0.998367	0.057125	-0.000477	-0.057127	0.998332	-0.008342	0	0.008355	0.999965	246.713226	4311.624512	36.084511	0.003865	0.999964	-0.007514	85.084676	-46.088159	102.062452	-31.742476	-102.062454	-33.414574	8.68163E+11	8.68045E+13	2463	TrackerOperationMode_Track	-3.274925	0.478722	209.208206	4211.824219	1.818356	1304.001831	730.674988	1381.325684	1257.66394	1631.508179	853.339111	1506.238159	1057.121338	0	0	0	0	0	0	0	0	0	0	0	0	0	0	0	0	0	0	0	0	0	0	0	0	0	0	0.527838	0.683829	-0.503751	-0.715131	0.037835	-0.697965	-0.45823	0.72866	0.508999	247.03656	4268.944336	-44.671127
1.122338	2.136306	-0.341612	-83.161095	46.670135	41.407303	-0.108659	-0.046606	0.106573	-83.052429	46.716743	41.300732	0.567815	0.680571	-0.463043	-0.687621	0.082932	-0.721318	-0.452507	0.727973	0.515065	0.998367	0.057125	-0.000477	-0.057127	0.998332	-0.008341	0	0.008355	0.999965	246.713547	4311.616699	36.082432	0.003865	0.999964	-0.007514	85.084242	-46.08735	102.06082	-31.742863	-102.060822	-33.413086	8.68166E+11	8.68049E+13	2471	TrackerOperationMode_Track	-3.274933	0.478691	209.208221	4211.818359	1.817833	1304.058594	730.635925	1381.319824	1257.62207	1631.492676	853.317322	1506.271973	1057.103271	0	0	0	0	0	0	0	0	0	0	0	0	0	0	0	0	0	0	0	0	0	0	0	0	0	0	0.527823	0.68385	-0.503738	-0.715138	0.037842	-0.697959	-0.458236	0.72864	0.509021	247.0354	4268.937988	-44.673386
1.122336	2.13633	-0.341597	-83.16098	46.671398	41.408024	-0.108654	-0.046604	0.106577	-83.05233	46.717999	41.301449	0.567832	0.680555	-0.463045	-0.68761	0.082931	-0.721329	-0.452503	0.727988	0.515047	0.998367	0.057125	-0.000477	-0.057127	0.998332	-0.008341	0	0.008354	0.999965	246.714264	4311.609375	36.08075	0.003865	0.999964	-0.007514	85.084275	-46.087412	102.060945	-31.742168	-102.060944	-33.413834	8.6817E+11	8.68052E+13	2478	TrackerOperationMode_Track	-3.27494	0.478668	209.20961	4211.810547	1.815437	1304.050659	730.621277	1381.333374	1257.61438	1631.520874	853.299194	1506.226318	1057.086792	0	0	0	0	0	0	0	0	0	0	0	0	0	0	0	0	0	0	0	0	0	0	0	0	0	0	0.527841	0.683834	-0.503741	-0.715128	0.037842	-0.697969	-0.458232	0.728656	0.509003	247.03717	4268.930664	-44.674427
1.122355	2.136171	-0.34169	-83.161407	46.6633	41.403252	-0.108686	-0.046614	0.106551	-83.052719	46.709911	41.2967	0.567726	0.680658	-0.463025	-0.687681	0.082939	-0.72126	-0.452529	0.727891	0.515162	0.998367	0.057126	-0.000477	-0.057128	0.998332	-0.008341	0	0.008355	0.999965	246.717178	4311.640137	36.082668	0.003865	0.999964	-0.007514	85.083873	-46.086662	102.059433	-31.746393	-102.059433	-33.408787	8.68173E+11	8.68056E+13	2485	TrackerOperationMode_Track	-3.274963	0.478699	209.208344	4211.843262	1.822365	1304.014282	730.575562	1381.334351	1257.646362	1631.463135	853.308899	1506.298462	1057.052856	0	0	0	0	0	0	0	0	0	0	0	0	0	0	0	0	0	0	0	0	0	0	0	0	0	0	0.52773	0.683937	-0.503717	-0.715193	0.037844	-0.697902	-0.458258	0.728559	0.509118	247.033295	4268.958008	-44.676418
1.122324	2.136285	-0.341627	-83.161545	46.668629	41.406979	-0.108665	-0.046608	0.106569	-83.052872	46.71524	41.300407	0.567795	0.680591	-0.463038	-0.687631	0.082929	-0.721309	-0.452517	0.727955	0.515082	0.998367	0.057124	-0.000477	-0.057126	0.998332	-0.008341	0	0.008355	0.999965	246.709839	4311.632324	36.083611	0.003865	0.999964	-0.007514	85.084418	-46.087679	102.061484	-31.743982	-102.061485	-33.412472	8.68177E+11	8.6806E+13	2493	TrackerOperationMode_Track	-3.274872	0.478706	209.203461	4211.833008	1.819592	1304.037109	730.61908	1381.343628	1257.629272	1631.493408	853.312073	1506.191895	1057.130371	0	0	0	0	0	0	0	0	0	0	0	0	0	0	0	0	0	0	0	0	0	0	0	0	0	0	0.527804	0.683869	-0.503732	-0.715146	0.037839	-0.69795	-0.458246	0.728623	0.509038	247.030029	4268.95166	-44.672913
1.122352	2.136292	-0.341631	-83.161636	46.66967	41.405834	-0.108663	-0.046603	0.10657	-83.052979	46.71627	41.299263	0.567793	0.680578	-0.46306	-0.687646	0.082926	-0.721295	-0.452498	0.727968	0.515081	0.998367	0.057124	-0.000477	-0.057126	0.998332	-0.008342	0	0.008355	0.999965	246.707413	4311.630859	36.084339	0.003865	0.999964	-0.007514	85.084589	-46.087996	102.062123	-31.74361	-102.062126	-33.413273	8.6818E+11	8.68063E+13	2500	TrackerOperationMode_Track	-3.274841	0.478722	209.201416	4211.831055	1.819489	1303.946777	730.636658	1381.297974	1257.645752	1631.493896	853.298706	1506.259033	1057.073242	0	0	0	0	0	0	0	0	0	0	0	0	0	0	0	0	0	0	0	0	0	0	0	0	0	0	0.527801	0.683856	-0.503753	-0.71516	0.037837	-0.697936	-0.458228	0.728635	0.509037	247.02977	4268.94873	-44.673
1.122347	2.136288	-0.341628	-83.161392	46.669338	41.406181	-0.108663	-0.046605	0.10657	-83.052734	46.715942	41.29961	0.567796	0.680582	-0.46305	-0.687639	0.082929	-0.721301	-0.452504	0.727964	0.515082	0.998367	0.057125	-0.000477	-0.057127	0.998332	-0.008341	0	0.008355	0.999965	246.713913	4311.653809	36.082523	0.003865	0.999964	-0.007514	85.084388	-46.087622	102.061369	-31.743534	-102.061371	-33.412827	8.68184E+11	8.68066E+13	2507	TrackerOperationMode_Track	-3.27491	0.478691	209.207916	4211.85498	1.81818	1303.999878	730.67981	1381.370483	1257.654053	1631.471191	853.334229	1506.270508	1057.063843	0	0	0	0	0	0	0	0	0	0	0	0	0	0	0	0	0	0	0	0	0	0	0	0	0	0	0.527804	0.68386	-0.503744	-0.715154	0.037839	-0.697942	-0.458233	0.728631	0.509037	247.035568	4268.973145	-44.674351
1.122385	2.136206	-0.341678	-83.161423	46.665848	41.402763	-0.108679	-0.046607	0.106556	-83.05275	46.712452	41.296204	0.567741	0.680626	-0.463053	-0.687685	0.082934	-0.721256	-0.452503	0.727922	0.515142	0.998367	0.057128	-0.000477	-0.05713	0.998332	-0.008344	0	0.008357	0.999965	246.727829	4311.64502	36.094391	0.003865	0.999964	-0.007514	85.084123	-46.087128	102.060372	-31.745235	-102.060371	-33.41053	8.68187E+11	8.6807E+13	2515	TrackerOperationMode_Track	-3.275101	0.478851	209.219879	4211.847168	1.832066	1303.989868	730.57605	1381.363159	1257.619995	1631.512451	853.354553	1506.354858	1057.119385	0	0	0	0	0	0	0	0	0	0	0	0	0	0	0	0	0	0	0	0	0	0	0	0	0	0	0.527744	0.683905	-0.503747	-0.715198	0.037838	-0.697897	-0.458234	0.728589	0.509096	247.04747	4268.961426	-44.665062
1.122347	2.136174	-0.341684	-83.16124	46.663288	41.40382	-0.108685	-0.046616	0.106551	-83.052559	46.709904	41.297272	0.567732	0.680658	-0.463018	-0.687673	0.082941	-0.721268	-0.452534	0.727891	0.515158	0.998367	0.057123	-0.000477	-0.057125	0.998332	-0.008342	0	0.008356	0.999965	246.704803	4311.625	36.086731	0.003865	0.999964	-0.007514	85.083759	-46.08645	102.059004	-31.746243	-102.059006	-33.408634	8.68191E+11	8.68073E+13	2522	TrackerOperationMode_Track	-3.274803	0.478752	209.196442	4211.828613	1.826488	1304.015259	730.615479	1381.335083	1257.658936	1631.425903	853.308655	1506.270752	1057.09436	0	0	0	0	0	0	0	0	0	0	0	0	0	0	0	0	0	0	0	0	0	0	0	0	0	0	0.527739	0.683937	-0.503708	-0.715182	0.037848	-0.697912	-0.458264	0.728559	0.509113	247.020645	4268.944336	-44.671879
1.122289	2.136194	-0.341642	-83.160042	46.663177	41.407906	-0.108679	-0.046625	0.106556	-83.051361	46.709805	41.301353	0.567779	0.680657	-0.462961	-0.687609	0.082955	-0.721326	-0.452571	0.72789	0.515127	0.998367	0.057124	-0.000477	-0.057126	0.998332	-0.00834	0	0.008354	0.999965	246.710129	4311.638672	36.079617	0.003865	0.999964	-0.007514	85.08289	-46.08483	102.055737	-31.745142	-102.05574	-33.407452	8.68194E+11	8.68077E+13	2529	TrackerOperationMode_Track	-3.274872	0.478661	209.202911	4211.845215	1.820744	1304.071899	730.65033	1381.335327	1257.634399	1631.514893	853.353271	1506.270874	1057.103271	0	0	0	0	0	0	0	0	0	0	0	0	0	0	0	0	0	0	0	0	0	0	0	0	0	0	0.527788	0.683937	-0.503656	-0.715123	0.037862	-0.697973	-0.4583	0.728558	0.509083	247.022812	4268.96582	-44.67511
1.12228	2.13631	-0.341542	-83.157753	46.669514	41.413155	-0.10865	-0.046622	0.106577	-83.049103	46.716137	41.306576	0.567898	0.680574	-0.462937	-0.687515	0.082972	-0.721414	-0.452565	0.727966	0.515025	0.998367	0.057122	-0.000477	-0.057124	0.998332	-0.00834	0	0.008354	0.999965	246.701706	4311.631348	36.078091	0.003865	0.999964	-0.007514	85.081852	-46.082895	102.051834	-31.740021	-102.051834	-33.409641	8.68198E+11	8.68081E+13	2537	TrackerOperationMode_Track	-3.274765	0.478638	209.200012	4211.841309	1.817101	1304.03894	730.810425	1381.334351	1257.646362	1631.429077	853.391113	1506.236206	1057.12793	0	0	0	0	0	0	0	0	0	0	0	0	0	0	0	0	0	0	0	0	0	0	0	0	0	0	0.527914	0.683855	-0.503636	-0.715035	0.037885	-0.698061	-0.458293	0.728634	0.50898	247.018799	4268.969238	-44.67075
1.122249	2.136241	-0.341635	-83.161484	46.664516	41.409195	-0.108676	-0.046623	0.106562	-83.052803	46.71114	41.302631	0.567782	0.680643	-0.462978	-0.687606	0.082936	-0.721332	-0.452572	0.727906	0.515104	0.998367	0.057126	-0.000477	-0.057128	0.998332	-0.008344	0	0.008358	0.999965	246.72049	4311.637695	36.094612	0.003865	0.999964	-0.007514	85.083993	-46.086887	102.059885	-31.745829	-102.059883	-33.409634	8.68201E+11	8.68084E+13	2544	TrackerOperationMode_Track	-3.275002	0.478859	209.212143	4211.840332	1.833172	1304.092163	730.669434	1381.289917	1257.681641	1631.478394	853.380005	1506.22583	1057.12915	0	0	0	0	0	0	0	0	0	0	0	0	0	0	0	0	0	0	0	0	0	0	0	0	0	0	0.52779	0.683921	-0.503675	-0.71512	0.03784	-0.697977	-0.458302	0.728574	0.509057	247.033737	4268.961426	-44.660667
1.122332	2.136232	-0.341713	-83.164894	46.665443	41.402092	-0.108685	-0.046603	0.106557	-83.056213	46.712048	41.295536	0.567691	0.680636	-0.4631	-0.687729	0.082894	-0.72122	-0.4525	0.727917	0.515151	0.998367	0.057127	-0.000477	-0.057129	0.998332	-0.008339	0	0.008353	0.999965	246.720398	4311.608887	36.075108	0.003865	0.999964	-0.007514	85.086478	-46.091517	102.069226	-31.748619	-102.069229	-33.413368	8.68205E+11	8.68087E+13	2551	TrackerOperationMode_Track	-3.275024	0.478592	209.208679	4211.802246	1.810329	1303.964233	730.577393	1381.354736	1257.646606	1631.502075	853.366516	1506.251221	1057.113281	0	0	0	0	0	0	0	0	0	0	0	0	0	0	0	0	0	0	0	0	0	0	0	0	0	0	0.527692	0.683913	-0.50379	-0.71524	0.037801	-0.697856	-0.458229	0.728584	0.509109	247.03978	4268.913574	-44.687813
1.122319	2.136176	-0.341693	-83.16214	46.662601	41.404148	-0.108688	-0.046617	0.106551	-83.053452	46.709217	41.2976	0.567719	0.680668	-0.463019	-0.687678	0.082931	-0.721264	-0.452542	0.727883	0.515162	0.998367	0.057125	-0.000477	-0.057127	0.998332	-0.008341	0	0.008355	0.999965	246.7108	4311.608887	36.083591	0.003865	0.999964	-0.007514	85.084308	-46.087474	102.06107	-31.747377	-102.061073	-33.408966	8.68208E+11	8.68091E+13	2559	TrackerOperationMode_Track	-3.274902	0.478714	209.201004	4211.810547	1.823067	1303.973145	730.60791	1381.353516	1257.664551	1631.495728	853.382568	1506.27478	1057.091431	0	0	0	0	0	0	0	0	0	0	0	0	0	0	0	0	0	0	0	0	0	0	0	0	0	0	0.527724	0.683946	-0.503711	-0.715188	0.037837	-0.697907	-0.458272	0.728551	0.509118	247.025375	4268.925781	-44.675625
1.122283	2.136128	-0.341669	-83.159729	46.659554	41.407036	-0.108692	-0.046633	0.106545	-83.051041	46.706184	41.300491	0.567747	0.680703	-0.462933	-0.687621	0.082964	-0.721315	-0.452594	0.727847	0.515168	0.998367	0.057125	-0.000477	-0.057127	0.998332	-0.008342	0	0.008356	0.999965	246.711243	4311.616699	36.086212	0.003865	0.999964	-0.007514	85.082363	-46.083848	102.053756	-31.746557	-102.053757	-33.404747	8.68212E+11	8.68094E+13	2566	TrackerOperationMode_Track	-3.274902	0.478745	209.202682	4211.825195	1.829914	1304.085205	730.603882	1381.309326	1257.619995	1631.528931	853.305176	1506.274292	1057.043335	0	0	0	0	0	0	0	0	0	0	0	0	0	0	0	0	0	0	0	0	0	0	0	0	0	0	0.527756	0.683983	-0.503628	-0.715132	0.037868	-0.697963	-0.458323	0.728515	0.509123	247.020004	4268.944824	-44.669029
1.122311	2.136137	-0.341691	-83.160942	46.660507	41.404812	-0.108693	-0.046625	0.106546	-83.052246	46.707134	41.298267	0.567722	0.680692	-0.462979	-0.68766	0.082949	-0.721279	-0.452566	0.727858	0.515176	0.998367	0.057124	-0.000477	-0.057126	0.998332	-0.008341	0	0.008355	0.999965	246.709717	4311.608887	36.082447	0.003865	0.999964	-0.007514	85.083292	-46.08558	102.05725	-31.747246	-102.057251	-33.406483	8.68216E+11	8.68098E+13	2574	TrackerOperationMode_Track	-3.274887	0.478699	209.200287	4211.813965	1.824467	1304.014282	730.662354	1381.354736	1257.629883	1631.394897	853.340576	1506.251709	1057.07019	0	0	0	0	0	0	0	0	0	0	0	0	0	0	0	0	0	0	0	0	0	0	0	0	0	0	0.527729	0.683972	-0.503671	-0.71517	0.037853	-0.697925	-0.458295	0.728526	0.509132	247.02124	4268.930664	-44.675297
1.12232	2.136285	-0.341629	-83.161682	46.668522	41.406982	-0.108666	-0.046608	0.106569	-83.053017	46.71513	41.300415	0.567793	0.680593	-0.463039	-0.687633	0.082927	-0.721308	-0.452518	0.727954	0.515083	0.998367	0.057124	-0.000477	-0.057126	0.998332	-0.00834	0	0.008354	0.999965	246.707443	4311.631348	36.077694	0.003865	0.999964	-0.007514	85.084508	-46.087846	102.06182	-31.744169	-102.061821	-33.412529	8.68219E+11	8.68102E+13	2581	TrackerOperationMode_Track	-3.274841	0.47863	209.200912	4211.832031	1.813747	1303.982178	730.611084	1381.335327	1257.634399	1631.546509	853.329224	1506.209961	1057.093018	0	0	0	0	0	0	0	0	0	0	0	0	0	0	0	0	0	0	0	0	0	0	0	0	0	0	0.527802	0.683871	-0.503732	-0.715147	0.037838	-0.697949	-0.458247	0.728621	0.50904	247.027496	4268.950684	-44.678905
1.122291	2.136223	-0.341637	-83.160599	46.664658	41.407921	-0.108675	-0.046621	0.10656	-83.051926	46.711277	41.301357	0.567783	0.68064	-0.462981	-0.687613	0.082946	-0.721323	-0.452559	0.727908	0.515112	0.998367	0.057126	-0.000477	-0.057128	0.998332	-0.008341	0	0.008354	0.999965	246.715683	4311.623047	36.080681	0.003865	0.999964	-0.007514	85.083409	-46.085797	102.057688	-31.744965	-102.057686	-33.408951	8.68222E+11	8.68105E+13	2588	TrackerOperationMode_Track	-3.274956	0.478668	209.208405	4211.827637	1.820278	1304.014893	730.664124	1381.318359	1257.661621	1631.457031	853.394226	1506.251831	1057.109863	0	0	0	0	0	0	0	0	0	0	0	0	0	0	0	0	0	0	0	0	0	0	0	0	0	0	0.527792	0.683919	-0.503677	-0.715128	0.037853	-0.697968	-0.458288	0.728575	0.509068	247.030151	4268.947754	-44.6745
1.122282	2.136198	-0.341696	-83.163445	46.662689	41.404907	-0.108689	-0.046617	0.106553	-83.054756	46.709305	41.298355	0.56771	0.680669	-0.463029	-0.687681	0.082915	-0.721262	-0.452548	0.727884	0.515155	0.998367	0.057125	-0.000477	-0.057127	0.998332	-0.00834	0	0.008354	0.999965	246.713303	4311.632812	36.079113	0.003865	0.999964	-0.007514	85.085213	-46.08916	102.064472	-31.748539	-102.064468	-33.410191	8.68226E+11	8.68109E+13	2596	TrackerOperationMode_Track	-3.274918	0.478653	209.202118	4211.831055	1.817444	1304.049072	730.605774	1381.351318	1257.657349	1631.479126	853.380676	1506.219849	1057.115967	0	0	0	0	0	0	0	0	0	0	0	0	0	0	0	0	0	0	0	0	0	0	0	0	0	0	0.527715	0.683946	-0.503721	-0.715192	0.037822	-0.697904	-0.458278	0.728551	0.509112	247.027298	4268.946289	-44.680763
1.122309	2.136239	-0.341617	-83.159706	46.666077	41.408398	-0.108669	-0.046619	0.106564	-83.051041	46.712696	41.301834	0.567809	0.68062	-0.462978	-0.687597	0.082954	-0.721338	-0.452551	0.727925	0.515095	0.998367	0.057125	-0.000477	-0.057127	0.998332	-0.00834	0	0.008353	0.999965	246.712418	4311.617188	36.076359	0.003865	0.999964	-0.007514	85.082919	-46.084884	102.055845	-31.743479	-102.055847	-33.409107	8.68229E+11	8.68112E+13	2603	TrackerOperationMode_Track	-3.274918	0.478615	209.206787	4211.82373	1.81591	1304.073242	730.597717	1381.318237	1257.61377	1631.538452	853.276733	1506.209106	1057.081421	0	0	0	0	0	0	0	0	0	0	0	0	0	0	0	0	0	0	0	0	0	0	0	0	0	0	0.527819	0.6839	-0.503674	-0.715114	0.037864	-0.697982	-0.458279	0.728592	0.509052	247.028412	4268.944824	-44.677578
1.122274	2.136266	-0.341602	-83.160019	46.666672	41.410168	-0.108666	-0.046621	0.106568	-83.051353	46.713291	41.3036	0.567824	0.680613	-0.46297	-0.687578	0.08295	-0.721357	-0.452562	0.727932	0.515075	0.998367	0.057128	-0.000477	-0.05713	0.998332	-0.008334	0	0.008348	0.999965	246.726608	4311.624023	36.051708	0.003865	0.999964	-0.007514	85.083173	-46.085357	102.0568	-31.743464	-102.056801	-33.409771	8.68233E+11	8.68115E+13	2610	TrackerOperationMode_Track	-3.275101	0.478287	209.220612	4211.82959	1.791172	1303.984253	730.696167	1381.237793	1257.651611	1631.441284	853.327698	1506.200317	1057.084595	0	0	0	0	0	0	0	0	0	0	0	0	0	0	0	0	0	0	0	0	0	0	0	0	0	0	0.527833	0.683893	-0.503669	-0.715099	0.037861	-0.697997	-0.458286	0.728599	0.509036	247.04187	4268.952148	-44.701069
1.12228	2.13615	-0.341738	-83.164459	46.659916	41.402912	-0.108701	-0.046619	0.106544	-83.055756	46.706535	41.296368	0.56766	0.680705	-0.463037	-0.687719	0.082908	-0.721227	-0.452554	0.727851	0.515197	0.998367	0.057125	-0.000478	-0.057127	0.998332	-0.008346	0	0.00836	0.999965	246.711853	4311.624512	36.105339	0.003865	0.999964	-0.007514	85.085673	-46.090017	102.066199	-31.75078	-102.0662	-33.409245	8.68236E+11	8.68119E+13	2617	TrackerOperationMode_Track	-3.274902	0.478996	209.19838	4211.821289	1.84399	1304.019409	730.544556	1381.305298	1257.640381	1631.480347	853.365784	1506.234497	1057.078369	0	0	0	0	0	0	0	0	0	0	0	0	0	0	0	0	0	0	0	0	0	0	0	0	0	0	0.527663	0.683982	-0.503726	-0.715223	0.037808	-0.697873	-0.458287	0.728519	0.50915	247.023788	4268.934082	-44.657169
1.122252	2.136504	-0.341363	-83.15329	46.67984	41.423061	-0.108601	-0.046621	0.106614	-83.044693	46.726463	41.316448	0.568111	0.680438	-0.462876	-0.687337	0.083009	-0.72158	-0.452567	0.728089	0.514848	0.998367	0.057127	-0.000477	-0.057129	0.998332	-0.008344	0	0.008358	0.999965	246.720718	4311.616211	36.094978	0.003865	0.999964	-0.007514	85.07964	-46.078773	102.043518	-31.730986	-102.043518	-33.41254	8.6824E+11	8.68122E+13	2625	TrackerOperationMode_Track	-3.275024	0.478859	209.228088	4211.834473	1.830769	1304.184204	730.933899	1381.308105	1257.710938	1631.518677	853.486694	1506.302124	1057.280151	0	0	0	0	0	0	0	0	0	0	0	0	0	0	0	0	0	0	0	0	0	0	0	0	0	0	0.528134	0.683721	-0.503587	-0.71487	0.037922	-0.698228	-0.458296	0.728758	0.5088	247.043747	4268.976074	-44.642883
1.122286	2.136313	-0.34164	-83.16349	46.668892	41.407196	-0.108666	-0.046606	0.106572	-83.054817	46.7155	41.300625	0.567776	0.680591	-0.463063	-0.687647	0.082905	-0.721296	-0.452517	0.727958	0.515078	0.998367	0.057122	-0.000477	-0.057124	0.998332	-0.008339	0	0.008352	0.999965	246.699783	4311.617676	36.072281	0.003865	0.999964	-0.007514	85.085781	-46.090218	102.066605	-31.745655	-102.066605	-33.414391	8.68243E+11	8.68126E+13	2632	TrackerOperationMode_Track	-3.274742	0.478561	209.191666	4211.813477	1.806557	1303.992188	730.64679	1381.289551	1257.673218	1631.530151	853.361572	1506.226318	1057.108032	0	0	0	0	0	0	0	0	0	0	0	0	0	0	0	0	0	0	0	0	0	0	0	0	0	0	0.527785	0.683868	-0.503754	-0.715161	0.037819	-0.697936	-0.458245	0.728625	0.509035	247.020081	4268.931152	-44.685776
1.122349	2.136411	-0.341502	-83.157623	46.676548	41.41259	-0.108628	-0.046604	0.106594	-83.048996	46.723148	41.305996	0.567949	0.680486	-0.463004	-0.687515	0.082963	-0.721416	-0.452501	0.72805	0.514962	0.998367	0.057125	-0.000477	-0.057127	0.998332	-0.008343	0	0.008356	0.999965	246.711487	4311.601074	36.088802	0.003865	0.999964	-0.007514	85.082395	-46.083908	102.053876	-31.736629	-102.053879	-33.414265	8.68247E+11	8.6813E+13	2640	TrackerOperationMode_Track	-3.274918	0.478783	209.212814	4211.809082	1.822918	1304.086792	730.771423	1381.370483	1257.654053	1631.554565	853.302429	1506.305054	1057.060913	0	0	0	0	0	0	0	0	0	0	0	0	0	0	0	0	0	0	0	0	0	0	0	0	0	0	0.527963	0.683766	-0.503705	-0.715038	0.037876	-0.698058	-0.45823	0.728718	0.508916	247.037827	4268.936523	-44.660103
1.122424	2.136395	-0.341565	-83.160049	46.677078	41.406662	-0.108637	-0.046588	0.106588	-83.051414	46.723667	41.300076	0.567876	0.680483	-0.463098	-0.687613	0.082933	-0.721326	-0.452443	0.728056	0.515004	0.998367	0.057127	-0.000477	-0.057129	0.998332	-0.008337	0	0.008351	0.999965	246.721024	4311.616699	36.066971	0.003865	0.999964	-0.007514	85.084153	-46.087184	102.060486	-31.738676	-102.060486	-33.416832	8.6825E+11	8.68133E+13	2647	TrackerOperationMode_Track	-3.275032	0.478485	209.219727	4211.818359	1.798992	1303.931274	730.55896	1381.287231	1257.590088	1631.470215	853.229675	1506.210327	1057.061646	0	0	0	0	0	0	0	0	0	0	0	0	0	0	0	0	0	0	0	0	0	0	0	0	0	0	0.527884	0.683762	-0.503795	-0.715136	0.037849	-0.69796	-0.45817	0.728723	0.508962	247.052155	4268.937988	-44.687855
1.12241	2.136467	-0.341547	-83.161278	46.680382	41.407619	-0.108627	-0.04658	0.106599	-83.05265	46.726963	41.301022	0.567895	0.680443	-0.463134	-0.68761	0.082913	-0.721331	-0.452424	0.728095	0.514965	0.998367	0.057126	-0.000477	-0.057128	0.998332	-0.008342	0	0.008355	0.999965	246.716141	4311.630371	36.085205	0.003865	0.999964	-0.007514	85.085286	-46.089297	102.064748	-31.738256	-102.064751	-33.420151	8.68254E+11	8.68136E+13	2654	TrackerOperationMode_Track	-3.274956	0.478729	209.215149	4211.827637	1.813438	1303.842651	730.664978	1381.316162	1257.637695	1631.418457	853.33075	1506.197266	1057.087646	0	0	0	0	0	0	0	0	0	0	0	0	0	0	0	0	0	0	0	0	0	0	0	0	0	0	0.527903	0.683721	-0.50383	-0.715132	0.037829	-0.697965	-0.458154	0.728763	0.50892	247.05069	4268.947754	-44.670158
1.122369	2.13633	-0.341657	-83.164154	46.671669	41.403461	-0.108663	-0.046591	0.106574	-83.055489	46.718262	41.296886	0.567759	0.680557	-0.463133	-0.687698	0.082893	-0.721249	-0.45246	0.727991	0.515081	0.998367	0.057128	-0.000477	-0.05713	0.998332	-0.008337	0	0.00835	0.999965	246.723969	4311.632324	36.063152	0.003865	0.999964	-0.007514	85.086514	-46.091585	102.069362	-31.745014	-102.069359	-33.416882	8.68257E+11	8.6814E+13	2662	TrackerOperationMode_Track	-3.275063	0.478439	209.215775	4211.825195	1.795132	1303.951294	730.553589	1381.287231	1257.637573	1631.501343	853.256897	1506.240845	1056.988403	0	0	0	0	0	0	0	0	0	0	0	0	0	0	0	0	0	0	0	0	0	0	0	0	0	0	0.527761	0.683833	-0.503825	-0.715215	0.037806	-0.697881	-0.458187	0.728658	0.50904	247.050247	4268.938477	-44.697788
1.122382	2.136636	-0.341334	-83.154129	46.6898	41.419662	-0.108574	-0.046589	0.106634	-83.045563	46.736389	41.31303	0.568151	0.680314	-0.463009	-0.687379	0.082983	-0.721542	-0.452453	0.728208	0.514781	0.998367	0.057124	-0.000478	-0.057126	0.998332	-0.008353	0	0.008367	0.999965	246.707291	4311.623047	36.133625	0.003865	0.999964	-0.007514	85.081136	-46.081561	102.049143	-31.727156	-102.049141	-33.420025	8.68261E+11	8.68143E+13	2669	TrackerOperationMode_Track	-3.274841	0.479378	209.218506	4211.835938	1.860966	1304.055786	730.914978	1381.344482	1257.668457	1631.476685	853.418945	1506.334106	1057.210083	0	0	0	0	0	0	0	0	0	0	0	0	0	0	0	0	0	0	0	0	0	0	0	0	0	0	0.528174	0.683595	-0.503716	-0.71491	0.037899	-0.698189	-0.458188	0.728877	0.508726	247.045563	4268.974121	-44.607231
