rvec[0]	rvec[1]	rvec[2]	Yaw Raw	Pitch Raw	Roll Raw	Yaw Error	Pitch Error	Roll Error	Yaw Comp	Pitch Comp	Roll Comp	fpinfc[0]	fpinfc[1]	fpinfc[2]	fpinfc[3]	fpinfc[4]	fpinfc[5]	fpinfc[6]	fpinfc[7]	fpinfc[8]	fbinft[0]	fbinft[1]	fbinft[2]	fbinft[3]	fbinft[4]	fbinft[5]	fbinft[6]	fbinft[7]	fbinft[8]	Before Comp. X	Before Comp. Y	Before Comp Z.	Retro Normal X	Retro Normal Y	Retro Normal Z	Combo angle (degree)	Error Lateral	Error Longitudinal	ADM comp in fb X	ADM comp in fb Y	ADM comp in fb Z	Tracker Timestamp	Camera Timestamp	Trigger Counter	Operation Mode	AZ	EL	X	Y	Z	CX1	CY1	CX2	CY2	CX3	CY3	CX4	CY4	CX5	CY5	CX6	CY6	CX7	CY7	CX8	CY8	CX9	CY9	CX10	CY10	CX11	CY11	CX12	CY12	CX13	CY13	CX14	CY14	CX15	CY15	CX16	CY16	CX17	CY17	fpinft[0]	fpinft[1]	fpinft[2]	fpinft[3]	fpinft[4]	fpinft[5]	fpinft[6]	fpinft[7]	fpinft[8]	TipX	TipY	TipZ
-1.87086	-3.86467	1.54976	-85.6582	0.849718	42.6791	-0.308231	-0.150501	0.0136951	-85.3499	1.00022	42.6654	0.071404	0.996557	0.0421485	-0.731945	0.0810574	-0.676526	-0.677613	0.0174562	0.735212	0.998438	0.0558634	-0.000468207	-0.0558653	0.998403	-0.00836791	0	0.008381	0.999965	241.21	4310.95	36.188	0.003865	0.999964	-0.007514	85.2212	-46.3431	102.577	-46.3411	-102.577	-0.433064	8.70338E+11	8.70221E+13	3203	TrackerOperationMode_Track	-3.202515	0.480202	189.210876	4211.132324	34.895302	2153.669678	754.218384	1831.514893	858.279541	2056.560547	1276.869995	1944.380981	1070.247314	0	0	0	0	0	0	0	0	0	0	0	0	0	0	0	0	0	0	0	0	0	0	0	0	0	0	0.030721	0.99952	0.003945	-0.729095	0.025109	-0.683952	-0.683723	0.018135	0.729516	183.055038	4267.163574	-25.747623
-1.853947	-3.531171	2.941972	-87.198463	-30.568607	37.400497	-0.166488	-0.003074	0.058673	-87.031982	-30.565535	37.341824	-0.266875	0.859893	0.435157	-0.809936	0.044584	-0.584822	-0.522285	-0.508524	0.68456	0.998438	0.055864	-0.000468	-0.055866	0.998403	-0.008368	0	0.008381	0.999965	241.210983	4310.937012	36.187916	0.003865	0.999964	-0.007514	87.372284	-50.484376	110.932899	-43.237934	-110.932899	26.060568	8.70342E+11	8.70225E+13	3210	TrackerOperationMode_Track	-3.202545	0.480202	191.831223	4202.378906	61.317841	2153.606445	754.200867	1831.518311	858.245544	2056.563721	1276.828003	1944.337158	1070.288574	0	0	0	0	0	0	0	0	0	0	0	0	0	0	0	0	0	0	0	0	0	0	0	0	0	0	-0.31146	0.861279	0.401486	-0.789363	0.000729	-0.613926	-0.529055	-0.508132	0.679634	153.507477	4252.744141	7.936157
-1.727908	-3.151072	3.577331	-87.326317	-42.366577	35.19685	-0.116474	0.088426	0.041114	-87.209846	-42.455006	35.155735	-0.348412	0.736933	0.579257	-0.835541	0.035915	-0.548254	-0.42483	-0.675011	0.603224	0.998438	0.055864	-0.000468	-0.055866	0.998403	-0.008368	0	0.008381	0.999965	241.210846	4310.944824	36.189598	0.003865	0.999964	-0.007514	87.890806	-51.517989	113.019204	-37.695885	-113.019203	35.11586	8.70345E+11	8.70229E+13	3218	TrackerOperationMode_Track	-3.202538	0.480225	197.243713	4199.917969	70.356964	2153.688477	754.176453	1831.521606	858.274292	2056.595215	1276.920654	1944.344238	1070.300537	0	0	0	0	0	0	0	0	0	0	0	0	0	0	0	0	0	0	0	0	0	0	0	0	0	0	-0.394346	0.738105	0.547442	-0.811187	0.000337	-0.584787	-0.431818	-0.674686	0.598608	147.550995	4247.869629	24.681667
-1.63674	-2.923426	3.862891	-87.331856	-47.585545	34.181774	-0.098295	0.131633	0.034449	-87.233566	-47.717178	34.147327	-0.374857	0.672007	0.638662	-0.846676	0.032472	-0.531117	-0.377653	-0.739833	0.5568	0.998438	0.055863	-0.000468	-0.055865	0.998403	-0.008369	0	0.008382	0.999965	241.209686	4310.952637	36.192104	0.003865	0.999964	-0.007514	88.098046	-51.934987	113.860972	-34.593994	-113.86097	38.736263	8.70349E+11	8.70232E+13	3225	TrackerOperationMode_Track	-3.202515	0.480255	200.290924	4198.881836	73.972633	2153.66626	754.212402	1831.543213	858.256958	2056.575928	1276.92395	1944.401733	1070.291016	0	0	0	0	0	0	0	0	0	0	0	0	0	0	0	0	0	0	0	0	0	0	0	0	0	0	-0.421393	0.673118	0.607734	-0.821222	0.00107	-0.570608	-0.384736	-0.739535	0.552328	145.987411	4245.653809	32.518375
-1.582136	-2.808334	3.992027	-87.419273	-49.97208	33.789383	-0.090518	0.151867	0.031577	-87.328758	-50.123947	33.757809	-0.387239	0.640432	0.663244	-0.850365	0.02988	-0.525344	-0.356265	-0.767433	0.533031	0.998438	0.055864	-0.000468	-0.055866	0.998403	-0.00837	0	0.008383	0.999965	241.210846	4310.952637	36.194469	0.003865	0.999964	-0.007514	88.249939	-52.242034	114.480817	-33.133202	-114.48082	40.390858	8.70353E+11	8.70236E+13	3233	TrackerOperationMode_Track	-3.20253	0.480293	201.715149	4198.16748	75.62426	2153.701172	754.208801	1831.479492	858.22876	2056.545654	1276.914429	1944.348877	1070.307495	0	0	0	0	0	0	0	0	0	0	0	0	0	0	0	0	0	0	0	0	0	0	0	0	0	0	-0.433972	0.641461	0.632611	-0.824392	0.000477	-0.566019	-0.36338	-0.767156	0.528608	145.536896	4244.562988	36.299446
-1.568772	-2.749855	4.047909	-87.193054	-51.03051	33.398067	-0.088138	0.161151	0.030518	-87.104919	-51.191662	33.36755	-0.385863	0.625917	0.677744	-0.855741	0.031654	-0.516436	-0.344699	-0.779247	0.523409	0.998438	0.055864	-0.000468	-0.055866	0.998403	-0.008368	0	0.008381	0.999965	241.212051	4310.966309	36.18697	0.003865	0.999964	-0.007514	88.153285	-52.046513	114.086109	-32.249733	-114.086113	40.85088	8.70356E+11	8.70239E+13	3240	TrackerOperationMode_Track	-3.202538	0.480186	202.62027	4198.521973	76.080292	2153.668213	754.217468	1831.512573	858.212585	2056.518799	1276.935547	1944.373291	1070.292847	0	0	0	0	0	0	0	0	0	0	0	0	0	0	0	0	0	0	0	0	0	0	0	0	0	0	-0.432904	0.627073	0.64759	-0.829933	0.003156	-0.557854	-0.351859	-0.778954	0.519062	145.289429	4244.225098	37.617664
-1.566474	-2.723422	4.07103	-87.01799	-51.474735	33.168198	-0.087494	0.16512	0.030142	-86.930496	-51.639858	33.138058	-0.383195	0.619712	0.684922	-0.859107	0.033232	-0.510715	-0.339257	-0.784125	0.519665	0.998438	0.055864	-0.000468	-0.055866	0.998403	-0.008368	0	0.008381	0.999965	241.210724	4310.952637	36.186031	0.003865	0.999964	-0.007514	88.066044	-51.870449	113.73069	-31.817947	-113.73069	40.965374	8.70359E+11	8.70242E+13	3247	TrackerOperationMode_Track	-3.20253	0.480179	203.069885	4198.838379	76.196838	2153.611816	754.140808	1831.465942	858.193542	2056.537109	1276.864868	1944.345337	1070.271973	0	0	0	0	0	0	0	0	0	0	0	0	0	0	0	0	0	0	0	0	0	0	0	0	0	0	-0.430431	0.620968	0.655079	-0.833489	0.005119	-0.552512	-0.346445	-0.783819	0.515367	145.157349	4244.087402	38.070145
-1.565808	-2.711128	4.081571	-86.92659	-51.67905	33.056377	-0.08724	0.166943	0.029975	-86.839348	-51.845997	33.026402	-0.381704	0.616838	0.688341	-0.860774	0.034062	-0.507846	-0.336704	-0.786353	0.517957	0.998438	0.055863	-0.000468	-0.055865	0.998403	-0.008367	0	0.00838	0.999965	241.209579	4310.952637	36.184185	0.003865	0.999964	-0.007514	88.020064	-51.777815	113.543694	-31.612047	-113.543694	41.007572	8.70363E+11	8.70246E+13	3255	TrackerOperationMode_Track	-3.202515	0.480156	203.28476	4199.013184	76.2388	2153.755859	754.167236	1831.520752	858.21936	2056.467285	1276.862549	1944.3125	1070.260742	0	0	0	0	0	0	0	0	0	0	0	0	0	0	0	0	0	0	0	0	0	0	0	0	0	0	-0.429036	0.618145	0.658654	-0.835259	0.006127	-0.549823	-0.343906	-0.78604	0.513683	145.09404	4244.033203	38.265251
-1.565829	-2.704985	4.086629	-86.874947	-51.777096	32.994694	-0.08716	0.16783	0.029904	-86.787788	-51.944927	32.964787	-0.380767	0.61545	0.6901	-0.861695	0.034541	-0.50625	-0.335408	-0.787419	0.517178	0.998438	0.055864	-0.000468	-0.055866	0.998403	-0.008367	0	0.00838	0.999965	241.211426	4310.944824	36.185677	0.003865	0.999964	-0.007514	87.993498	-51.724343	113.435753	-31.507603	-113.435753	41.020466	8.70366E+11	8.7025E+13	3262	TrackerOperationMode_Track	-3.202545	0.480171	203.396866	4199.106934	76.254059	2153.641602	754.213013	1831.468384	858.314331	2056.497559	1276.911621	1944.258301	1070.261353	0	0	0	0	0	0	0	0	0	0	0	0	0	0	0	0	0	0	0	0	0	0	0	0	0	0	-0.428153	0.616787	0.660499	-0.836241	0.006691	-0.548322	-0.342617	-0.787102	0.512918	145.062073	4243.999512	38.350433
-1.564841	-2.700981	4.090387	-86.857643	-51.849911	32.969765	-0.087006	0.16846	0.029832	-86.770645	-52.018372	32.939934	-0.380638	0.614432	0.691078	-0.862053	0.034668	-0.505632	-0.334634	-0.788208	0.516476	0.998438	0.055864	-0.000468	-0.055866	0.998403	-0.008367	0	0.00838	0.999965	241.210846	4310.944824	36.184353	0.003865	0.999964	-0.007514	87.986548	-51.71036	113.407525	-31.446159	-113.407524	41.049973	8.7037E+11	8.70253E+13	3270	TrackerOperationMode_Track	-3.202538	0.480156	203.459198	4199.131836	76.282501	2153.67334	754.336609	1831.506714	858.304688	2056.510986	1276.90332	1944.316406	1070.324341	0	0	0	0	0	0	0	0	0	0	0	0	0	0	0	0	0	0	0	0	0	0	0	0	0	0	-0.428044	0.615778	0.66151	-0.836611	0.006882	-0.547753	-0.341847	-0.78789	0.512221	145.046829	4243.976074	38.441349
-1.564699	-2.698885	4.092209	-86.841736	-51.885658	32.951591	-0.086957	0.168774	0.029801	-86.754784	-52.054432	32.921791	-0.380391	0.613926	0.691663	-0.86233	0.03481	-0.505149	-0.334201	-0.788595	0.516166	0.998438	0.055864	-0.000468	-0.055866	0.998403	-0.008368	0	0.008381	0.999965	241.211151	4310.960449	36.187672	0.003865	0.999964	-0.007514	87.978678	-51.694528	113.375567	-31.410381	-113.375565	41.057423	8.70374E+11	8.70257E+13	3277	TrackerOperationMode_Track	-3.20253	0.480202	203.497025	4199.177246	76.293457	2153.651855	754.296082	1831.438721	858.256165	2056.457031	1276.906372	1944.316284	1070.323975	0	0	0	0	0	0	0	0	0	0	0	0	0	0	0	0	0	0	0	0	0	0	0	0	0	0	-0.427813	0.615282	0.662121	-0.836905	0.007056	-0.547302	-0.341417	-0.788276	0.511914	145.037186	4243.98291	38.480095
-1.56304	-2.695441	4.095581	-86.844246	-51.948418	32.938351	-0.086792	0.16933	0.029737	-86.757454	-52.117748	32.908615	-0.38064	0.613058	0.692296	-0.862449	0.034732	-0.504951	-0.333609	-0.789274	0.515511	0.998438	0.055867	-0.000468	-0.055869	0.998403	-0.008369	0	0.008382	0.999965	241.223923	4310.952148	36.192894	0.003865	0.999964	-0.007514	87.983257	-51.70374	113.394162	-31.370649	-113.394165	41.09938	8.70377E+11	8.70261E+13	3285	TrackerOperationMode_Track	-3.202705	0.48027	203.548065	4199.147949	76.34034	2153.53418	754.373474	1831.529907	858.275391	2056.484863	1276.942993	1944.243042	1070.343384	0	0	0	0	0	0	0	0	0	0	0	0	0	0	0	0	0	0	0	0	0	0	0	0	0	0	-0.428071	0.61441	0.662763	-0.837014	0.007031	-0.547136	-0.340826	-0.788956	0.51126	145.040222	4243.94043	38.585205
-1.87077	-3.864734	1.549436	-85.657845	0.857187	42.682453	-0.308155	-0.150497	0.013698	-85.349686	1.007683	42.668755	0.071493	0.996554	0.04206	-0.731897	0.081062	-0.676576	-0.677654	0.017586	0.735171	0.998438	0.055862	-0.000468	-0.055864	0.998403	-0.008365	0	0.008378	0.999965	241.205551	4310.953125	36.176544	0.003865	0.999964	-0.007514	85.220935	-46.342618	102.575741	-46.340534	-102.575737	-0.439124	8.70389E+11	8.70272E+13	3310	TrackerOperationMode_Track	-3.202461	0.480049	189.207458	4211.133789	34.878021	2153.763916	754.220154	1831.536377	858.238403	2056.571533	1276.941406	1944.360962	1070.316162	0	0	0	0	0	0	0	0	0	0	0	0	0	0	0	0	0	0	0	0	0	0	0	0	0	0	0.030813	0.999518	0.003855	-0.729054	0.025113	-0.683995	-0.683762	0.018265	0.729476	183.059128	4267.168457	-25.762375
-1.853657	-3.53107	2.942627	-87.200722	-30.58375	37.404263	-0.166419	-0.002968	0.058648	-87.034309	-30.580782	37.345615	-0.267076	0.85976	0.435297	-0.809893	0.044542	-0.584883	-0.522248	-0.508753	0.684418	0.998438	0.055863	-0.000468	-0.055865	0.998403	-0.008366	0	0.008379	0.999965	241.20874	4310.958496	36.180225	0.003865	0.999964	-0.007514	87.374655	-50.48907	110.942372	-43.235039	-110.942375	26.074463	8.70393E+11	8.70276E+13	3318	TrackerOperationMode_Track	-3.202499	0.480095	191.831436	4202.390625	61.324173	2153.785645	754.294739	1831.49585	858.23584	2056.526855	1276.936401	1944.338379	1070.316284	0	0	0	0	0	0	0	0	0	0	0	0	0	0	0	0	0	0	0	0	0	0	0	0	0	0	-0.311657	0.861143	0.401624	-0.789311	0.000697	-0.613993	-0.529016	-0.508362	0.679493	153.497055	4252.761719	7.955544
-1.72723	-3.149638	3.579373	-87.328575	-42.403698	35.191582	-0.116333	0.088725	0.041064	-87.212242	-42.492424	35.15052	-0.348672	0.736494	0.579659	-0.835589	0.035863	-0.548183	-0.424522	-0.675493	0.602902	0.998438	0.055864	-0.000468	-0.055866	0.998403	-0.008365	0	0.008378	0.999965	241.212296	4310.960449	36.174232	0.003865	0.999964	-0.007514	87.893845	-51.524088	113.031514	-37.677429	-113.031517	35.144596	8.70396E+11	8.7028E+13	3325	TrackerOperationMode_Track	-3.202545	0.480019	197.262878	4199.92041	70.370636	2153.558594	754.234802	1831.518555	858.284363	2056.54541	1276.924316	1944.318848	1070.306152	0	0	0	0	0	0	0	0	0	0	0	0	0	0	0	0	0	0	0	0	0	0	0	0	0	0	-0.394608	0.737663	0.547848	-0.811225	0.000311	-0.584734	-0.431507	-0.675169	0.598288	147.539124	4247.867676	24.724667
-1.635985	-2.921922	3.864623	-87.33474	-47.616638	34.176323	-0.098194	0.131899	0.034412	-87.236549	-47.748535	34.141914	-0.375048	0.671604	0.638974	-0.846717	0.032417	-0.531056	-0.377373	-0.740201	0.5565	0.998438	0.055864	-0.000468	-0.055866	0.998403	-0.008365	0	0.008378	0.999965	241.21373	4310.944824	36.175869	0.003865	0.999964	-0.007514	88.101208	-51.941366	113.87385	-34.577084	-113.873848	38.759914	8.704E+11	8.70283E+13	3333	TrackerOperationMode_Track	-3.202576	0.480042	200.311005	4198.860352	73.980362	2153.613525	754.264099	1831.573975	858.231445	2056.523682	1276.885498	1944.22937	1070.260742	0	0	0	0	0	0	0	0	0	0	0	0	0	0	0	0	0	0	0	0	0	0	0	0	0	0	-0.421587	0.672712	0.608048	-0.821255	0.001038	-0.57056	-0.384454	-0.739903	0.552031	145.983795	4245.628906	32.552906
-1.580422	-2.805059	3.995589	-87.424324	-50.038151	33.780251	-0.090302	0.152432	0.031499	-87.334023	-50.190582	33.748753	-0.387626	0.639543	0.663875	-0.850432	0.029779	-0.525242	-0.355684	-0.768178	0.532344	0.998438	0.055865	-0.000468	-0.055867	0.998403	-0.008366	0	0.008379	0.999965	241.215439	4310.944824	36.179501	0.003865	0.999964	-0.007514	88.255752	-52.25381	114.50459	-33.093758	-114.504593	40.438396	8.70404E+11	8.70287E+13	3340	TrackerOperationMode_Track	-3.202599	0.480095	201.75766	4198.133789	75.657028	2153.580078	754.285889	1831.57019	858.234985	2056.468018	1276.9021	1944.268066	1070.312378	0	0	0	0	0	0	0	0	0	0	0	0	0	0	0	0	0	0	0	0	0	0	0	0	0	0	-0.434364	0.640567	0.633247	-0.824443	0.000429	-0.565945	-0.362798	-0.767902	0.527925	145.531906	4244.523438	36.393269
-1.567419	-2.747124	4.050722	-87.195633	-51.082966	33.389034	-0.087982	0.161606	0.030459	-87.107651	-51.244576	33.358578	-0.386116	0.6252	0.678262	-0.855819	0.031588	-0.51631	-0.344222	-0.779825	0.522861	0.998438	0.055862	-0.000468	-0.055864	0.998403	-0.008366	0	0.008379	0.999965	241.203659	4310.929688	36.180859	0.003865	0.999964	-0.007514	88.15715	-52.054322	114.101874	-32.216877	-114.101875	40.886734	8.70407E+11	8.70291E+13	3348	TrackerOperationMode_Track	-3.202454	0.48011	202.643967	4198.467773	76.110054	2153.60498	754.240723	1831.518677	858.236084	2056.485107	1276.955811	1944.325195	1070.265503	0	0	0	0	0	0	0	0	0	0	0	0	0	0	0	0	0	0	0	0	0	0	0	0	0	0	-0.433159	0.626353	0.648116	-0.830003	0.003135	-0.557751	-0.351381	-0.779533	0.518517	145.273804	4244.162109	37.696075
-1.565515	-2.721509	4.07298	-87.019646	-51.511314	33.162052	-0.087387	0.165437	0.030101	-86.932266	-51.67675	33.13195	-0.383367	0.619209	0.685281	-0.859162	0.033185	-0.510627	-0.338926	-0.784525	0.519278	0.998438	0.055863	-0.000468	-0.055865	0.998403	-0.008366	0	0.008379	0.999965	241.206528	4310.945312	36.180111	0.003865	0.999964	-0.007514	88.06874	-51.875884	113.741662	-31.794937	-113.741661	40.990112	8.70411E+11	8.70294E+13	3355	TrackerOperationMode_Track	-3.202484	0.480095	203.08812	4198.818359	76.215729	2153.618408	754.264099	1831.515137	858.26886	2056.575439	1276.908203	1944.30188	1070.297974	0	0	0	0	0	0	0	0	0	0	0	0	0	0	0	0	0	0	0	0	0	0	0	0	0	0	-0.430605	0.620463	0.655443	-0.833538	0.005104	-0.552439	-0.346113	-0.784219	0.514982	145.148376	4244.061035	38.123329
-1.564368	-2.707678	4.084922	-86.92466	-51.741905	33.040775	-0.087082	0.167497	0.029912	-86.837578	-51.909401	33.01086	-0.381862	0.615967	0.689032	-0.860944	0.034033	-0.507559	-0.33609	-0.787036	0.517318	0.998438	0.055865	-0.000468	-0.055867	0.998403	-0.008366	0	0.00838	0.999965	241.216705	4310.952637	36.181396	0.003865	0.999964	-0.007514	88.021887	-51.781485	113.551101	-31.568859	-113.551102	41.045448	8.70415E+11	8.70298E+13	3363	TrackerOperationMode_Track	-3.202614	0.480118	203.334396	4199.00293	76.273895	2153.640869	754.24762	1831.585938	858.239075	2056.494873	1276.921387	1944.280151	1070.284912	0	0	0	0	0	0	0	0	0	0	0	0	0	0	0	0	0	0	0	0	0	0	0	0	0	0	-0.429205	0.617275	0.659359	-0.835424	0.006151	-0.549571	-0.343292	-0.786723	0.513047	145.090424	4244.001953	38.357128
-1.563404	-2.700145	4.091509	-86.878632	-51.868881	32.979042	-0.086898	0.168628	0.029804	-86.791733	-52.037506	32.949238	-0.381179	0.614181	0.691002	-0.861836	0.034427	-0.506017	-0.334575	-0.788414	0.516201	0.998438	0.055865	-0.000468	-0.055867	0.998403	-0.008365	0	0.008378	0.999965	241.213806	4310.929199	36.17495	0.003865	0.999964	-0.007514	88.000146	-51.73772	113.462756	-31.449514	-113.462753	41.081867	8.70418E+11	8.70301E+13	3370	TrackerOperationMode_Track	-3.202591	0.480026	203.455612	4199.061035	76.304794	2153.546387	754.222595	1831.479858	858.233398	2056.518311	1276.94397	1944.340088	1070.23584	0	0	0	0	0	0	0	0	0	0	0	0	0	0	0	0	0	0	0	0	0	0	0	0	0	0	-0.428573	0.615514	0.661413	-0.836366	0.006655	-0.54813	-0.341784	-0.788098	0.511944	145.052628	4243.937988	38.487793
-1.562915	-2.696054	4.095074	-86.852608	-51.937851	32.945251	-0.0868	0.169241	0.029746	-86.765816	-52.107094	32.915504	-0.380787	0.613209	0.692081	-0.862329	0.034651	-0.505161	-0.33375	-0.78916	0.515594	0.998438	0.055865	-0.000468	-0.055867	0.998403	-0.008366	0	0.008379	0.999965	241.214859	4310.944824	36.179287	0.003865	0.999964	-0.007514	87.987793	-51.712865	113.412583	-31.383997	-113.412582	41.10067	8.70422E+11	8.70305E+13	3378	TrackerOperationMode_Track	-3.202591	0.480095	203.524872	4199.123047	76.328217	2153.59082	754.215393	1831.516968	858.17627	2056.478516	1276.898071	1944.317627	1070.232422	0	0	0	0	0	0	0	0	0	0	0	0	0	0	0	0	0	0	0	0	0	0	0	0	0	0	-0.42821	0.614557	0.662538	-0.836887	0.00694	-0.547332	-0.340964	-0.788842	0.511343	145.034729	4243.932129	38.565525
-1.563265	-2.694352	4.096333	-86.831963	-51.962666	32.923374	-0.08681	0.169471	0.029734	-86.745155	-52.132137	32.893639	-0.380357	0.612852	0.692633	-0.862667	0.034852	-0.504569	-0.333366	-0.789428	0.515431	0.998438	0.055865	-0.000468	-0.055867	0.998403	-0.008366	0	0.008379	0.999965	241.214844	4310.944824	36.181114	0.003865	0.999964	-0.007514	87.976569	-51.690287	113.367006	-31.351923	-113.367004	41.096748	8.70425E+11	8.70308E+13	3385	TrackerOperationMode_Track	-3.202591	0.48011	203.559433	4199.166504	76.326477	2153.565918	754.215454	1831.462524	858.233337	2056.450439	1276.94519	1944.254028	1070.21228	0	0	0	0	0	0	0	0	0	0	0	0	0	0	0	0	0	0	0	0	0	0	0	0	0	0	-0.4278	0.614212	0.663122	-0.837252	0.007163	-0.546771	-0.340583	-0.789109	0.511185	145.023193	4243.927734	38.57851
-1.56384	-2.695517	4.095197	-86.830704	-51.941643	32.927826	-0.086865	0.169284	0.029755	-86.743843	-52.110924	32.898071	-0.380268	0.613143	0.692424	-0.86263	0.034883	-0.504631	-0.333565	-0.789201	0.515651	0.998438	0.055864	-0.000468	-0.055866	0.998403	-0.008368	0	0.008381	0.999965	241.211136	4310.929688	36.18792	0.003865	0.999964	-0.007514	87.974779	-51.686686	113.359737	-31.364918	-113.359734	41.082302	8.70429E+11	8.70312E+13	3393	TrackerOperationMode_Track	-3.20256	0.480209	203.543213	4199.15918	76.318695	2153.657471	754.234314	1831.490112	858.291565	2056.492188	1276.950195	1944.305176	1070.277466	0	0	0	0	0	0	0	0	0	0	0	0	0	0	0	0	0	0	0	0	0	0	0	0	0	0	-0.427708	0.614504	0.662911	-0.837217	0.007177	-0.546823	-0.340783	-0.788881	0.511404	145.022781	4243.924805	38.551292
-1.564301	-2.69591	4.094705	-86.8256	-51.932606	32.92551	-0.086908	0.169208	0.029768	-86.738693	-52.101814	32.895744	-0.380109	0.613265	0.692403	-0.862682	0.034945	-0.504538	-0.333612	-0.789104	0.51577	0.998438	0.055864	-0.000468	-0.055866	0.998403	-0.008367	0	0.00838	0.999965	241.212158	4310.937012	36.185791	0.003865	0.999964	-0.007514	87.971261	-51.679612	113.345456	-31.36705	-113.345459	41.071774	8.70432E+11	8.70315E+13	3400	TrackerOperationMode_Track	-3.20256	0.480171	203.542923	4199.181152	76.306229	2153.55957	754.221008	1831.482788	858.277161	2056.460449	1276.925049	1944.255493	1070.312988	0	0	0	0	0	0	0	0	0	0	0	0	0	0	0	0	0	0	0	0	0	0	0	0	0	0	-0.427553	0.614629	0.662895	-0.837278	0.007231	-0.54673	-0.34083	-0.788783	0.511523	145.023132	4243.938477	38.528328
-1.564999	-2.697779	4.09293	-86.8283	-51.899166	32.935089	-0.086985	0.168912	0.0298	-86.741318	-52.068077	32.905289	-0.380068	0.613731	0.692014	-0.862569	0.034943	-0.504731	-0.33395	-0.788742	0.516104	0.998438	0.055865	-0.000468	-0.055867	0.998403	-0.008367	0	0.00838	0.999965	241.214859	4310.944824	36.185699	0.003865	0.999964	-0.007514	87.971253	-51.679596	113.345424	-31.391262	-113.345421	41.053246	8.70436E+11	8.70319E+13	3408	TrackerOperationMode_Track	-3.202591	0.480171	203.521393	4199.19043	76.287613	2153.645508	754.222839	1831.455566	858.31366	2056.49292	1276.969727	1944.264038	1070.334595	0	0	0	0	0	0	0	0	0	0	0	0	0	0	0	0	0	0	0	0	0	0	0	0	0	0	-0.427505	0.615094	0.662494	-0.837164	0.0072	-0.546904	-0.341167	-0.788421	0.511856	145.031982	4243.962402	38.479969
-1.564312	-2.696325	4.094353	-86.829033	-51.925709	32.929394	-0.086915	0.169147	0.029773	-86.742119	-52.094856	32.89962	-0.380167	0.613363	0.692285	-0.862622	0.034914	-0.504642	-0.333699	-0.789029	0.515828	0.998438	0.055863	-0.000468	-0.055865	0.998403	-0.008366	0	0.008379	0.999965	241.20755	4310.937012	36.179188	0.003865	0.999964	-0.007514	87.972995	-51.6831	113.352497	-31.374224	-113.352501	41.070683	8.70439E+11	8.70322E+13	3415	TrackerOperationMode_Track	-3.202499	0.480087	203.530884	4199.174805	76.298645	2153.625977	754.21698	1831.515991	858.229431	2056.456299	1276.931885	1944.243652	1070.286011	0	0	0	0	0	0	0	0	0	0	0	0	0	0	0	0	0	0	0	0	0	0	0	0	0	0	-0.427606	0.614725	0.662771	-0.837215	0.007194	-0.546826	-0.340915	-0.788709	0.511581	145.020706	4243.94043	38.515507
-1.564213	-2.695934	4.09477	-86.826454	-51.934357	32.927898	-0.086889	0.169214	0.029762	-86.739571	-52.103573	32.898136	-0.380162	0.613242	0.692396	-0.862655	0.034934	-0.504584	-0.333621	-0.789122	0.515736	0.998438	0.055863	-0.000468	-0.055865	0.998403	-0.008366	0	0.008379	0.999965	241.205887	4310.9375	36.179832	0.003865	0.999964	-0.007514	87.971855	-51.680808	113.34787	-31.366533	-113.34787	41.073669	8.70443E+11	8.70326E+13	3423	TrackerOperationMode_Track	-3.202477	0.480095	203.537201	4199.179199	76.302307	2153.607666	754.275757	1831.462646	858.271729	2056.429688	1276.922363	1944.261353	1070.291138	0	0	0	0	0	0	0	0	0	0	0	0	0	0	0	0	0	0	0	0	0	0	0	0	0	0	-0.427602	0.614605	0.662885	-0.837249	0.007222	-0.546774	-0.340837	-0.788802	0.511489	145.018326	4243.94043	38.527321
-1.564617	-2.69729	4.093586	-86.829109	-51.912735	32.937439	-0.086922	0.169011	0.029778	-86.742188	-52.081745	32.907665	-0.380189	0.613543	0.692113	-0.862547	0.034923	-0.50477	-0.33387	-0.788888	0.515933	0.998438	0.055864	-0.000468	-0.055866	0.998403	-0.008367	0	0.00838	0.999965	241.208969	4310.921875	36.182175	0.003865	0.999964	-0.007514	87.972377	-51.681856	113.349987	-31.382862	-113.349983	41.062515	8.70447E+11	8.7033E+13	3431	TrackerOperationMode_Track	-3.20253	0.480133	203.523758	4199.162598	76.293396	2153.650635	754.328247	1831.421631	858.323181	2056.43457	1276.97522	1944.286133	1070.38623	0	0	0	0	0	0	0	0	0	0	0	0	0	0	0	0	0	0	0	0	0	0	0	0	0	0	-0.427624	0.614906	0.662592	-0.837137	0.007192	-0.546946	-0.341086	-0.788568	0.511684	145.027298	4243.937988	38.500832
-1.564811	-2.697239	4.09343	-86.827431	-51.90852	32.932018	-0.086965	0.168996	0.029792	-86.740463	-52.077515	32.902225	-0.380073	0.613601	0.692126	-0.862605	0.034945	-0.50467	-0.333852	-0.788843	0.516013	0.998438	0.055867	-0.000468	-0.055869	0.998403	-0.008364	0	0.008377	0.999965	241.225067	4310.936523	36.171841	0.003865	0.999964	-0.007514	87.971186	-51.679462	113.345155	-31.384407	-113.345154	41.058327	8.7045E+11	8.70333E+13	3438	TrackerOperationMode_Track	-3.202736	0.479988	203.538177	4199.182617	76.279205	2153.652832	754.224609	1831.426514	858.26532	2056.555664	1276.946167	1944.330444	1070.269653	0	0	0	0	0	0	0	0	0	0	0	0	0	0	0	0	0	0	0	0	0	0	0	0	0	0	-0.427515	0.614964	0.662609	-0.837201	0.007206	-0.546849	-0.341067	-0.788523	0.511767	145.040039	4243.950195	38.479557
-1.564793	-2.697159	4.09356	-86.826035	-51.911655	32.932495	-0.08695	0.169015	0.029785	-86.73909	-52.080669	32.90271	-0.380077	0.613556	0.692164	-0.862611	0.034958	-0.504659	-0.333833	-0.788877	0.515974	0.998438	0.055865	-0.000468	-0.055867	0.998403	-0.008366	0	0.00838	0.999965	241.215546	4310.952637	36.181404	0.003865	0.999964	-0.007514	87.970487	-51.678056	113.342316	-31.38126	-113.342316	41.058956	8.70454E+11	8.70337E+13	3446	TrackerOperationMode_Track	-3.202599	0.480118	203.532227	4199.201172	76.289162	2153.674072	754.267029	1831.455688	858.292847	2056.400146	1276.913574	1944.245361	1070.263672	0	0	0	0	0	0	0	0	0	0	0	0	0	0	0	0	0	0	0	0	0	0	0	0	0	0	-0.427516	0.61492	0.662648	-0.837207	0.007224	-0.546839	-0.34105	-0.788556	0.511727	145.031097	4243.967773	38.49305
-1.565064	-2.697894	4.092865	-86.827133	-51.898575	32.936329	-0.08698	0.168899	0.029798	-86.74015	-52.067474	32.906532	-0.380062	0.613738	0.69201	-0.862566	0.034956	-0.504736	-0.333966	-0.788735	0.516104	0.998438	0.055863	-0.000468	-0.055865	0.998403	-0.008365	0	0.008378	0.999965	241.208374	4310.937012	36.173965	0.003865	0.999964	-0.007514	87.970506	-51.678094	113.342392	-31.390755	-113.342392	41.051743	8.70457E+11	8.70341E+13	3453	TrackerOperationMode_Track	-3.202507	0.480019	203.515747	4199.186035	76.274704	2153.78125	754.320251	1831.530151	858.337769	2056.539551	1276.976929	1944.350586	1070.356323	0	0	0	0	0	0	0	0	0	0	0	0	0	0	0	0	0	0	0	0	0	0	0	0	0	0	-0.427498	0.615102	0.662492	-0.837163	0.007212	-0.546907	-0.341181	-0.788415	0.511857	145.026505	4243.958008	38.46693
-1.563635	-2.694468	4.096122	-86.825806	-51.959232	32.919899	-0.086838	0.169442	0.02974	-86.73896	-52.128677	32.89016	-0.380202	0.612896	0.692679	-0.862738	0.034921	-0.504444	-0.333361	-0.789391	0.515492	0.998438	0.055863	-0.000468	-0.055865	0.998403	-0.008365	0	0.008378	0.999965	241.209137	4310.944824	36.174431	0.003865	0.999964	-0.007514	87.972689	-51.682483	113.351253	-31.349541	-113.35125	41.088749	8.70461E+11	8.70344E+13	3461	TrackerOperationMode_Track	-3.202515	0.480026	203.557144	4199.182129	76.312088	2153.582764	754.26123	1831.541016	858.262878	2056.414062	1276.963867	1944.234985	1070.244995	0	0	0	0	0	0	0	0	0	0	0	0	0	0	0	0	0	0	0	0	0	0	0	0	0	0	-0.427648	0.614259	0.663176	-0.837332	0.007229	-0.546647	-0.340577	-0.789071	0.511247	145.016235	4243.932617	38.558784
-1.563934	-2.694839	4.095654	-86.824455	-51.949886	32.918594	-0.086878	0.16937	0.029754	-86.737579	-52.119255	32.88884	-0.380111	0.613025	0.692616	-0.862756	0.034943	-0.504412	-0.33342	-0.78929	0.515608	0.998438	0.055862	-0.000468	-0.055864	0.998403	-0.008368	0	0.008381	0.999965	241.203812	4310.953125	36.188549	0.003865	0.999964	-0.007514	87.971432	-51.679957	113.346154	-31.354736	-113.346153	41.081608	8.70465E+11	8.70348E+13	3468	TrackerOperationMode_Track	-3.202438	0.480209	203.547058	4199.195801	76.318741	2153.620117	754.238708	1831.558228	858.301636	2056.627441	1276.950073	1944.376587	1070.286987	0	0	0	0	0	0	0	0	0	0	0	0	0	0	0	0	0	0	0	0	0	0	0	0	0	0	-0.427556	0.614389	0.663115	-0.837354	0.007246	-0.546614	-0.340639	-0.78897	0.511363	145.010483	4243.943359	38.555283
-1.563946	-2.694567	4.095869	-86.821968	-51.954052	32.915653	-0.086877	0.169408	0.029752	-86.735092	-52.123463	32.885899	-0.380062	0.612966	0.692695	-0.862799	0.034967	-0.504336	-0.333362	-0.789336	0.515577	0.998438	0.055864	-0.000468	-0.055866	0.998403	-0.008367	0	0.00838	0.999965	241.211426	4310.944824	36.183041	0.003865	0.999964	-0.007514	87.970139	-51.677357	113.340905	-31.350092	-113.340904	41.081879	8.70468E+11	8.70351E+13	3476	TrackerOperationMode_Track	-3.202545	0.480141	203.559387	4199.192383	76.31369	2153.581787	754.171021	1831.552979	858.243652	2056.499756	1276.921631	1944.28186	1070.255249	0	0	0	0	0	0	0	0	0	0	0	0	0	0	0	0	0	0	0	0	0	0	0	0	0	0	-0.427512	0.614331	0.663198	-0.8374	0.007271	-0.546542	-0.34058	-0.789015	0.511332	145.016357	4243.934082	38.553036
-1.564178	-2.695104	4.095382	-86.821564	-51.945305	32.918602	-0.086894	0.169326	0.029759	-86.734673	-52.114632	32.888844	-0.38004	0.613087	0.6926	-0.862773	0.034978	-0.504379	-0.333454	-0.789241	0.515662	0.998438	0.055864	-0.000468	-0.055866	0.998403	-0.008367	0	0.00838	0.999965	241.210724	4310.952637	36.183929	0.003865	0.999964	-0.007514	87.969462	-51.675994	113.338153	-31.355591	-113.33815	41.075966	8.70472E+11	8.70355E+13	3483	TrackerOperationMode_Track	-3.20253	0.480148	203.553391	4199.203613	76.30867	2153.628174	754.208923	1831.463623	858.277832	2056.496582	1276.992432	1944.257935	1070.246338	0	0	0	0	0	0	0	0	0	0	0	0	0	0	0	0	0	0	0	0	0	0	0	0	0	0	-0.427488	0.614453	0.6631	-0.837375	0.007275	-0.546581	-0.340673	-0.78892	0.511417	145.0177	4243.948242	38.540428
-1.564673	-2.696559	4.094175	-86.821739	-51.924355	32.929543	-0.086916	0.169115	0.02977	-86.734825	-52.093472	32.899773	-0.380051	0.613378	0.692336	-0.862669	0.034993	-0.504557	-0.333711	-0.789014	0.515843	0.998438	0.055864	-0.000468	-0.055866	0.998403	-0.008366	0	0.00838	0.999965	241.213196	4310.944824	36.181332	0.003865	0.999964	-0.007514	87.968503	-51.674066	113.334262	-31.369585	-113.334259	41.062859	8.70475E+11	8.70359E+13	3491	TrackerOperationMode_Track	-3.202568	0.480118	203.542038	4199.200684	76.29306	2153.596436	754.393433	1831.395264	858.362366	2056.354248	1276.99353	1944.141357	1070.381836	0	0	0	0	0	0	0	0	0	0	0	0	0	0	0	0	0	0	0	0	0	0	0	0	0	0	-0.427494	0.614744	0.662826	-0.837268	0.007271	-0.546745	-0.340928	-0.788693	0.511597	145.027283	4243.958984	38.508533
-1.564587	-2.696063	4.094487	-86.821434	-51.928871	32.923428	-0.08693	0.169176	0.029773	-86.734505	-52.098049	32.893654	-0.379999	0.613315	0.69242	-0.862727	0.034993	-0.504458	-0.333622	-0.789063	0.515826	0.998438	0.055863	-0.000468	-0.055865	0.998403	-0.008367	0	0.00838	0.999965	241.209	4310.952637	36.184631	0.003865	0.999964	-0.007514	87.968567	-51.674195	113.334522	-31.366377	-113.334518	41.065472	8.70479E+11	8.70362E+13	3499	TrackerOperationMode_Track	-3.202507	0.480164	203.541153	4199.208008	76.298874	2153.570801	754.294556	1831.505249	858.296143	2056.48291	1276.905396	1944.284668	1070.276489	0	0	0	0	0	0	0	0	0	0	0	0	0	0	0	0	0	0	0	0	0	0	0	0	0	0	-0.427444	0.614681	0.662917	-0.837329	0.007276	-0.546651	-0.34084	-0.788742	0.51158	145.019302	4243.958496	38.516064
-1.564548	-2.696164	4.094431	-86.822784	-51.927864	32.925182	-0.086926	0.169164	0.029773	-86.735855	-52.097031	32.895409	-0.380035	0.613329	0.692388	-0.862702	0.034979	-0.504502	-0.333645	-0.789052	0.515827	0.998438	0.055861	-0.000468	-0.055863	0.998403	-0.008366	0	0.008379	0.999965	241.19989	4310.945801	36.17968	0.003865	0.999964	-0.007514	87.969327	-51.675723	113.337607	-31.368061	-113.337608	41.066105	8.70483E+11	8.70366E+13	3506	TrackerOperationMode_Track	-3.202393	0.480095	203.530411	4199.197754	76.29467	2153.604492	754.221619	1831.459595	858.260925	2056.427246	1276.941406	1944.237183	1070.291138	0	0	0	0	0	0	0	0	0	0	0	0	0	0	0	0	0	0	0	0	0	0	0	0	0	0	-0.427477	0.614695	0.662883	-0.837303	0.007262	-0.546691	-0.340862	-0.788731	0.511582	145.011276	4243.95166	38.511635
-1.564752	-2.696648	4.093983	-86.82267	-51.919697	32.927731	-0.086943	0.169089	0.02978	-86.735733	-52.088787	32.897953	-0.380016	0.613443	0.692298	-0.862678	0.034987	-0.504543	-0.333729	-0.788964	0.515908	0.998438	0.055863	-0.000468	-0.055865	0.998403	-0.00837	0	0.008383	0.999965	241.209869	4310.958008	36.198406	0.003865	0.999964	-0.007514	87.968858	-51.674779	113.335701	-31.37339	-113.335701	41.060844	8.70486E+11	8.70369E+13	3513	TrackerOperationMode_Track	-3.202515	0.480339	203.534927	4199.212402	76.307663	2153.452393	754.237	1831.303101	858.214172	2056.351562	1276.903442	1944.071533	1070.297852	0	0	0	0	0	0	0	0	0	0	0	0	0	0	0	0	0	0	0	0	0	0	0	0	0	0	-0.427458	0.614809	0.662789	-0.837277	0.007265	-0.546731	-0.34095	-0.788643	0.51166	145.022827	4243.969727	38.517632
-1.564252	-2.695095	4.09537	-86.819984	-51.945259	32.91766	-0.086898	0.169325	0.029759	-86.733086	-52.114582	32.887901	-0.380004	0.613086	0.69262	-0.862792	0.034995	-0.504346	-0.333446	-0.78924	0.515668	0.998438	0.055863	-0.000468	-0.055865	0.998403	-0.008365	0	0.008378	0.999965	241.209579	4310.952637	36.177155	0.003865	0.999964	-0.007514	87.968502	-51.674065	113.334259	-31.35442	-113.334259	41.074436	8.7049E+11	8.70373E+13	3521	TrackerOperationMode_Track	-3.202515	0.480057	203.553665	4199.20752	76.300583	2153.63623	754.265869	1831.520752	858.247437	2056.511963	1276.949463	1944.249878	1070.264771	0	0	0	0	0	0	0	0	0	0	0	0	0	0	0	0	0	0	0	0	0	0	0	0	0	0	-0.427453	0.614453	0.663122	-0.837396	0.007291	-0.546548	-0.340663	-0.78892	0.511424	145.01619	4243.949707	38.531757
-1.564267	-2.695188	4.095314	-86.82003	-51.944466	32.918835	-0.086895	0.169314	0.029758	-86.733139	-52.113781	32.889076	-0.380015	0.613097	0.692604	-0.862781	0.034995	-0.504365	-0.333463	-0.789232	0.51567	0.998438	0.055864	-0.000468	-0.055866	0.998403	-0.008365	0	0.008378	0.999965	241.211563	4310.937012	36.175842	0.003865	0.999964	-0.007514	87.968489	-51.674038	113.334204	-31.354979	-113.334206	41.073975	8.70493E+11	8.70376E+13	3528	TrackerOperationMode_Track	-3.20256	0.480042	203.555008	4199.191895	76.298836	2153.593262	754.232239	1831.532349	858.280212	2056.459229	1276.931274	1944.261963	1070.324585	0	0	0	0	0	0	0	0	0	0	0	0	0	0	0	0	0	0	0	0	0	0	0	0	0	0	-0.427464	0.614464	0.663105	-0.837384	0.00729	-0.546566	-0.340679	-0.788911	0.511427	145.01886	4243.935547	38.529755
-1.565371	-2.69787	4.092804	-86.820702	-51.898148	32.932552	-0.086997	0.168894	0.029801	-86.733704	-52.067039	32.902752	-0.379917	0.61374	0.692088	-0.862642	0.035026	-0.504602	-0.333935	-0.788731	0.516131	0.998438	0.055862	-0.000468	-0.055864	0.998403	-0.008367	0	0.00838	0.999965	241.203812	4310.953125	36.184212	0.003865	0.999964	-0.007514	87.966602	-51.670243	113.326545	-31.386168	-113.326546	41.045368	8.70497E+11	8.7038E+13	3536	TrackerOperationMode_Track	-3.202438	0.480156	203.516785	4199.217285	76.278442	2153.602295	754.252075	1831.377686	858.363647	2056.270752	1276.993286	1944.104858	1070.342529	0	0	0	0	0	0	0	0	0	0	0	0	0	0	0	0	0	0	0	0	0	0	0	0	0	0	-0.427356	0.615108	0.662578	-0.837246	0.007283	-0.546777	-0.341153	-0.788409	0.511884	145.020477	4243.978516	38.468418
-1.564969	-2.696919	4.093635	-86.821815	-51.912689	32.926674	-0.086974	0.169036	0.029791	-86.73484	-52.081726	32.896881	-0.379948	0.613539	0.692249	-0.862691	0.035002	-0.504519	-0.333773	-0.788888	0.515996	0.998438	0.055861	-0.000468	-0.055863	0.998403	-0.008368	0	0.008381	0.999965	241.200958	4310.953125	36.186249	0.003865	0.999964	-0.007514	87.968004	-51.673063	113.332236	-31.377384	-113.332237	41.055634	8.70501E+11	8.70384E+13	3544	TrackerOperationMode_Track	-3.2024	0.480179	203.522461	4199.210938	76.290649	2153.62793	754.314575	1831.410645	858.307922	2056.540283	1276.96814	1944.228638	1070.244751	0	0	0	0	0	0	0	0	0	0	0	0	0	0	0	0	0	0	0	0	0	0	0	0	0	0	-0.42739	0.614906	0.662743	-0.837295	0.007273	-0.546703	-0.340991	-0.788567	0.511749	145.013641	4243.96582	38.492771
-1.564908	-2.696823	4.093734	-86.822189	-51.914497	32.926498	-0.086968	0.169052	0.029789	-86.735222	-52.083549	32.896709	-0.379963	0.613514	0.692263	-0.86269	0.034997	-0.50452	-0.333757	-0.788908	0.515975	0.998438	0.055863	-0.000468	-0.055865	0.998403	-0.008368	0	0.008381	0.999965	241.206116	4310.953125	36.187252	0.003865	0.999964	-0.007514	87.96832	-51.673699	113.33352	-31.376474	-113.333519	41.057129	8.70504E+11	8.70387E+13	3551	TrackerOperationMode_Track	-3.202469	0.480194	203.52832	4199.209961	76.293106	2153.641602	754.17511	1831.529785	858.212097	2056.45166	1276.891357	1944.261719	1070.311157	0	0	0	0	0	0	0	0	0	0	0	0	0	0	0	0	0	0	0	0	0	0	0	0	0	0	-0.427405	0.614881	0.662757	-0.837294	0.007268	-0.546705	-0.340976	-0.788587	0.511729	145.018524	4243.965332	38.497021
-1.564418	-2.695566	4.094929	-86.820831	-51.936951	32.920235	-0.086916	0.169251	0.029767	-86.733917	-52.106201	32.890469	-0.379999	0.613202	0.69252	-0.862761	0.034993	-0.504399	-0.333532	-0.789151	0.51575	0.998438	0.055863	-0.000468	-0.055865	0.998403	-0.008367	0	0.00838	0.999965	241.20755	4310.937012	36.183853	0.003865	0.999964	-0.007514	87.968607	-51.674275	113.334683	-31.360561	-113.334686	41.070007	8.70508E+11	8.70391E+13	3559	TrackerOperationMode_Track	-3.202499	0.480156	203.545502	4199.191406	76.30265	2153.539795	754.232849	1831.502441	858.238159	2056.492188	1276.947266	1944.286865	1070.283569	0	0	0	0	0	0	0	0	0	0	0	0	0	0	0	0	0	0	0	0	0	0	0	0	0	0	-0.427446	0.614569	0.66302	-0.837364	0.007283	-0.546597	-0.34075	-0.78883	0.511505	145.015808	4243.9375	38.526604
-1.564315	-2.695371	4.095156	-86.820518	-51.941574	32.920193	-0.086899	0.169287	0.02976	-86.73362	-52.110859	32.890434	-0.380021	0.613138	0.692564	-0.862765	0.034992	-0.504393	-0.333497	-0.7892	0.515696	0.998438	0.055864	-0.000468	-0.055866	0.998403	-0.008366	0	0.008379	0.999965	241.213409	4310.944824	36.179024	0.003865	0.999964	-0.007514	87.96864	-51.674341	113.334817	-31.357267	-113.334816	41.072613	8.70512E+11	8.70395E+13	3567	TrackerOperationMode_Track	-3.202568	0.480087	203.55452	4199.199219	76.30056	2153.578125	754.270264	1831.526001	858.291504	2056.509521	1276.994751	1944.320923	1070.339233	0	0	0	0	0	0	0	0	0	0	0	0	0	0	0	0	0	0	0	0	0	0	0	0	0	0	-0.42747	0.614505	0.663064	-0.837367	0.007285	-0.546592	-0.340714	-0.78888	0.511452	145.021545	4243.944824	38.529198
-1.563791	-2.694089	4.096425	-86.818817	-51.965878	32.914902	-0.086835	0.169496	0.029734	-86.731979	-52.135372	32.88517	-0.380076	0.6128	0.692834	-0.86283	0.034991	-0.504281	-0.333266	-0.789463	0.515443	0.998438	0.055863	-0.000468	-0.055865	0.998403	-0.008366	0	0.008379	0.999965	241.210159	4310.952637	36.179382	0.003865	0.999964	-0.007514	87.9688	-51.674663	113.335467	-31.339857	-113.335464	41.0863	8.70515E+11	8.70398E+13	3574	TrackerOperationMode_Track	-3.202522	0.480095	203.568695	4199.205078	76.31459	2153.547363	754.29657	1831.474243	858.273193	2056.463379	1276.903076	1944.314209	1070.260254	0	0	0	0	0	0	0	0	0	0	0	0	0	0	0	0	0	0	0	0	0	0	0	0	0	0	-0.427527	0.614167	0.66334	-0.837432	0.007305	-0.546493	-0.340484	-0.789142	0.5112	145.014862	4243.942383	38.565674
-1.565095	-2.69682	4.093616	-86.819672	-51.911854	32.923	-0.086995	0.169039	0.029797	-86.732674	-52.080894	32.893204	-0.379866	0.613549	0.692285	-0.862737	0.035026	-0.504438	-0.333746	-0.788879	0.516027	0.998438	0.055864	-0.000468	-0.055866	0.998403	-0.008367	0	0.00838	0.999965	241.211853	4310.952637	36.182404	0.003865	0.999964	-0.007514	87.966683	-51.670406	113.326874	-31.376326	-113.326874	41.053101	8.70519E+11	8.70402E+13	3582	TrackerOperationMode_Track	-3.202545	0.480125	203.534424	4199.216309	76.284424	2153.685791	754.160767	1831.502808	858.281372	2056.534668	1276.942871	1944.26123	1070.285767	0	0	0	0	0	0	0	0	0	0	0	0	0	0	0	0	0	0	0	0	0	0	0	0	0	0	-0.427313	0.614917	0.662782	-0.837346	0.007294	-0.546625	-0.340963	-0.788558	0.511781	145.022339	4243.964844	38.483845
-1.564819	-2.696483	4.09407	-86.82048	-51.921211	32.924747	-0.086952	0.169107	0.029781	-86.733536	-52.090317	32.89497	-0.379956	0.61342	0.692351	-0.862719	0.035009	-0.50447	-0.333691	-0.78898	0.515907	0.998438	0.055863	-0.000468	-0.055865	0.998403	-0.008367	0	0.00838	0.999965	241.2099	4310.958496	36.185081	0.003865	0.999964	-0.007514	87.967617	-51.672285	113.330666	-31.370733	-113.330666	41.059734	8.70523E+11	8.70406E+13	3590	TrackerOperationMode_Track	-3.202515	0.480164	203.537903	4199.217773	76.293625	2153.512207	754.321411	1831.432129	858.30249	2056.538086	1276.924683	1944.26062	1070.33374	0	0	0	0	0	0	0	0	0	0	0	0	0	0	0	0	0	0	0	0	0	0	0	0	0	0	-0.4274	0.614787	0.662846	-0.837323	0.007286	-0.54666	-0.340909	-0.788659	0.511662	145.021255	4243.969238	38.503563
