Op. Mode	AZ	EL	X	Y	Z	C1x	C1y	C2x	C2y	C3x	C3y	C4x	C4y	Pitch	Roll	Yaw	F[0]	F[1]	F[2]	F[3]	F[4]	F[5]	F[6]	F[7]	F[8]
TrackerOperationMode_Track	-10.823845	2.882767	581.776184	3042.895996	156.004486	1700.312622	389.17395	1694.10022	620.149048	1584.759277	1002.514709	1833.382324	996.717468	-16.473206	-0.821982	-2.079454	0.974558	0.222036	0.030616	-0.222969	0.946475	0.233388	0.022843	-0.234276	0.971902
TrackerOperationMode_Track	-10.824257	2.882797	581.808655	3042.949219	156.00882	1700.473877	389.329224	1694.082397	620.16217	1584.84021	1002.502014	1833.355103	996.626099	-16.486849	-0.809644	-2.107847	0.974454	0.222458	0.030864	-0.223434	0.946319	0.233575	0.022753	-0.234504	0.971849
TrackerOperationMode_Track	-10.823906	2.882828	581.784912	3042.923828	156.009079	1700.277344	389.316101	1694.114502	620.232849	1584.743042	1002.595642	1833.291626	996.692993	-16.47604	-0.820428	-2.067436	0.974605	0.221823	0.03065	-0.22277	0.946512	0.233429	0.022769	-0.234329	0.971891
TrackerOperationMode_Track	-10.823784	2.882835	581.778442	3042.925293	156.009552	1700.347656	389.275635	1694.107178	620.200562	1584.866211	1002.584595	1833.316162	996.770081	-16.48065	-0.820661	-2.084334	0.97454	0.222107	0.030661	-0.223047	0.946427	0.233506	0.022845	-0.2344	0.971872
TrackerOperationMode_Track	-10.823639	2.882835	581.767822	3042.911377	156.008926	1700.356812	389.201782	1694.005127	620.201477	1584.735107	1002.598816	1833.302612	996.670593	-16.467768	-0.812967	-2.10214	0.974476	0.222378	0.030745	-0.223334	0.946418	0.233268	0.022776	-0.23418	0.971926
TrackerOperationMode_Track	-10.823952	2.882805	581.789734	3042.935791	156.008881	1700.380371	389.299194	1694.009521	620.181519	1584.713379	1002.61261	1833.289917	996.689819	-16.485565	-0.80926	-2.102752	0.974475	0.222366	0.030865	-0.223344	0.946346	0.233553	0.022725	-0.234485	0.971854
TrackerOperationMode_Track	-10.824104	2.882797	581.79364	3042.91333	156.006882	1700.383057	389.271851	1694.060669	620.19165	1584.721436	1002.539856	1833.371948	996.675842	-16.476612	-0.813245	-2.095965	0.974498	0.222277	0.030771	-0.223239	0.946404	0.233416	0.022761	-0.234333	0.97189
TrackerOperationMode_Track	-10.824127	2.882835	581.795654	3042.918701	156.009369	1700.418579	389.19873	1694.046875	620.173157	1584.779297	1002.571655	1833.369019	996.719543	-16.473953	-0.812353	-2.105741	0.97446	0.222441	0.030777	-0.223401	0.946378	0.233369	0.022784	-0.234284	0.971901
TrackerOperationMode_Track	-10.824188	2.882805	581.80188	3042.933594	156.008209	1700.372681	389.187439	1694.091675	620.185181	1584.859375	1002.608215	1833.416992	996.696838	-16.470739	-0.822638	-2.095041	0.974496	0.222311	0.030598	-0.223234	0.946422	0.233348	0.022917	-0.234227	0.971912
TrackerOperationMode_Track	-10.824089	2.88279	581.796997	3042.93457	156.007462	1700.416016	389.287109	1694.092407	620.19281	1584.792603	1002.629944	1833.375854	996.760864	-16.485319	-0.813584	-2.096145	0.974497	0.222277	0.030794	-0.223241	0.946368	0.233562	0.022773	-0.23448	0.971854
TrackerOperationMode_Track	-10.824089	2.88279	581.79425	3042.920166	156.006775	1700.319336	389.225983	1694.04187	620.209473	1584.745117	1002.615967	1833.394409	996.770081	-16.473764	-0.821227	-2.092941	0.974505	0.222265	0.030631	-0.223196	0.94642	0.233394	0.022886	-0.23428	0.9719
TrackerOperationMode_Track	-10.824257	2.882736	581.803284	3042.919434	156.004013	1700.268066	389.152832	1694.102173	620.22644	1584.78772	1002.577026	1833.311523	996.746277	-16.457794	-0.82408	-2.071398	0.974586	0.221924	0.030533	-0.222847	0.946565	0.233138	0.022838	-0.234017	0.971964
TrackerOperationMode_Track	-10.824364	2.882706	581.812073	3042.933838	156.003403	1700.375366	389.159729	1694.136108	620.166687	1584.897705	1002.62793	1833.407349	996.715576	-16.472321	-0.823674	-2.08668	0.974527	0.222176	0.030587	-0.223099	0.946447	0.233379	0.022902	-0.234258	0.971905
TrackerOperationMode_Track	-10.824181	2.882721	581.799133	3042.919434	156.003311	1700.414551	389.22644	1694.10376	620.174255	1584.895996	1002.590149	1833.432129	996.795959	-16.481262	-0.821135	-2.099932	0.974478	0.222381	0.030657	-0.223312	0.946362	0.23352	0.022918	-0.234406	0.971869
TrackerOperationMode_Track	-10.824089	2.882729	581.790649	3042.901123	156.002426	1700.394653	389.182739	1694.102417	620.223633	1584.854126	1002.540771	1833.41626	996.705505	-16.459957	-0.820334	-2.09584	0.974494	0.222318	0.030601	-0.223245	0.946465	0.233162	0.022874	-0.234047	0.971956
TrackerOperationMode_Track	-10.823906	2.882744	581.783264	3042.915283	156.004379	1700.397339	389.191589	1694.15271	620.139038	1584.823608	1002.564087	1833.397827	996.688599	-16.478384	-0.817788	-2.082691	0.974548	0.222069	0.030702	-0.22302	0.946445	0.233461	0.022787	-0.234366	0.971881
TrackerOperationMode_Track	-10.823898	2.882751	581.781555	3042.907959	156.004395	1700.31604	389.330963	1694.062134	620.137085	1584.724121	1002.530212	1833.26355	996.680176	-16.495125	-0.814668	-2.0819	0.974553	0.222031	0.030807	-0.223002	0.946383	0.23373	0.02274	-0.234652	0.971813
TrackerOperationMode_Track	-10.823944	2.882744	581.785889	3042.920654	156.004517	1700.249146	389.189667	1694.033203	620.215881	1584.713745	1002.535522	1833.306641	996.678467	-16.460594	-0.82229	-2.080881	0.974551	0.22207	0.03057	-0.222997	0.94652	0.233179	0.022847	-0.234062	0.971953
TrackerOperationMode_Track	-10.823883	2.882744	581.785706	3042.936768	156.005127	1700.359131	389.298889	1694.050049	620.253845	1584.720093	1002.581116	1833.306519	996.758911	-16.471849	-0.812316	-2.092273	0.974514	0.222208	0.03077	-0.223174	0.94644	0.233335	0.022727	-0.234255	0.971909
TrackerOperationMode_Track	-10.823868	2.882759	581.783325	3042.928223	156.005692	1700.333374	389.306885	1694.028076	620.260742	1584.687866	1002.547363	1833.298462	996.754578	-16.469791	-0.812879	-2.092032	0.974514	0.222208	0.030754	-0.223171	0.946449	0.233302	0.022734	-0.23422	0.971918
TrackerOperationMode_Track	-10.82428	2.882713	581.798828	3042.890625	156.001221	1700.314575	389.12851	1694.15625	620.259521	1584.837646	1002.59375	1833.454468	996.75592	-16.448879	-0.828713	-2.073961	0.974573	0.221995	0.030428	-0.222895	0.946587	0.233005	0.022923	-0.233862	0.972
TrackerOperationMode_Track	-10.824417	2.882721	581.81073	3042.912354	156.002899	1700.38147	389.14505	1694.115234	620.223938	1584.853149	1002.655029	1833.404175	996.766846	-16.461382	-0.820784	-2.090172	0.974514	0.222228	0.030599	-0.223157	0.94648	0.233188	0.022859	-0.234073	0.97195
TrackerOperationMode_Track	-10.824127	2.882637	581.796387	3042.922119	155.99884	1700.456299	389.21051	1694.131348	620.191467	1584.803101	1002.519714	1833.452515	996.699036	-16.46854	-0.813906	-2.097128	0.974493	0.222304	0.030735	-0.223261	0.946431	0.233287	0.022772	-0.234198	0.971922
TrackerOperationMode_Track	-10.82444	2.882713	581.810303	3042.903564	156.001938	1700.342407	389.264526	1694.085449	620.127808	1584.791138	1002.66864	1833.35498	996.760437	-16.497421	-0.819382	-2.086273	0.974531	0.222136	0.03074	-0.223087	0.94635	0.233783	0.022841	-0.234687	0.971803
TrackerOperationMode_Track	-10.824364	2.882713	581.803772	3042.890869	156.001434	1700.512695	389.318451	1694.108643	620.200928	1584.916382	1002.659241	1833.421875	996.703491	-16.48671	-0.812545	-2.112838	0.974432	0.222559	0.030817	-0.22352	0.946297	0.233583	0.022824	-0.234499	0.971848
TrackerOperationMode_Track	-10.824181	2.882721	581.796753	3042.906982	156.002426	1700.379028	389.247986	1694.152344	620.20343	1584.816162	1002.549255	1833.391113	996.720459	-16.473089	-0.818906	-2.080028	0.974556	0.222036	0.030667	-0.222982	0.946475	0.233377	0.022792	-0.234277	0.971903
TrackerOperationMode_Track	-10.824127	2.882713	581.793396	3042.906494	156.002197	1700.367798	389.250427	1694.216919	620.168457	1584.924072	1002.594482	1833.470581	996.701721	-16.481964	-0.828732	-2.071869	0.974582	0.221939	0.030535	-0.222853	0.946461	0.233556	0.022935	-0.234424	0.971864
TrackerOperationMode_Track	-10.824203	2.882721	581.80011	3042.919189	156.003006	1700.427246	389.248657	1694.199707	620.223633	1585.008057	1002.627563	1833.474976	996.699646	-16.471512	-0.827276	-2.087536	0.974522	0.222206	0.030525	-0.223113	0.946444	0.233377	0.022968	-0.234241	0.971907
TrackerOperationMode_Track	-10.824211	2.88269	581.80365	3042.934326	156.002502	1700.365601	389.239685	1694.194336	620.142822	1584.940308	1002.560913	1833.468994	996.678711	-16.483854	-0.829649	-2.077119	0.974561	0.222033	0.030526	-0.222941	0.946432	0.23359	0.022974	-0.234454	0.971856
TrackerOperationMode_Track	-10.824188	2.88269	581.799622	3042.92041	156.001648	1700.532227	389.29071	1694.170288	620.215027	1584.918335	1002.610046	1833.439575	996.689453	-16.477568	-0.811634	-2.103106	0.974471	0.222391	0.030802	-0.223357	0.946373	0.233429	0.022763	-0.234349	0.971886
TrackerOperationMode_Track	-10.824196	2.882721	581.796997	3042.904785	156.002472	1700.350098	389.194336	1694.121094	620.213562	1584.800049	1002.613098	1833.399658	996.687561	-16.465302	-0.821173	-2.082569	0.974545	0.222095	0.030605	-0.223027	0.946494	0.233254	0.022837	-0.234142	0.971934
TrackerOperationMode_Track	-10.824127	2.882759	581.794617	3042.913086	156.004929	1700.352905	389.278259	1694.094604	620.180237	1584.848999	1002.586121	1833.465088	996.688049	-16.482693	-0.826402	-2.093357	0.9745	0.222293	0.030575	-0.223206	0.946377	0.23356	0.022983	-0.234428	0.971862
TrackerOperationMode_Track	-10.824089	2.882744	581.791565	3042.906006	156.003723	1700.367432	389.235413	1694.04895	620.156067	1584.780273	1002.530029	1833.368652	996.634277	-16.477444	-0.81731	-2.098636	0.974485	0.222341	0.030707	-0.223286	0.946386	0.233444	0.022843	-0.234344	0.971885
TrackerOperationMode_Track	-10.824066	2.882744	581.79541	3042.934814	156.005356	1700.387939	389.19577	1694.086304	620.156006	1584.802246	1002.565247	1833.381714	996.688843	-16.475563	-0.816922	-2.094446	0.974502	0.222269	0.030707	-0.223217	0.946411	0.233411	0.022818	-0.234314	0.971893
TrackerOperationMode_Track	-10.823944	2.882736	581.784912	3042.914795	156.003708	1700.386475	389.24057	1694.122803	620.205627	1584.769531	1002.57782	1833.38916	996.703125	-16.471935	-0.81591	-2.085443	0.974538	0.22211	0.030712	-0.223065	0.946462	0.233348	0.022761	-0.234257	0.971908
TrackerOperationMode_Track	-10.823936	2.882721	581.78363	3042.909668	156.002457	1700.371582	389.194244	1694.142212	620.242859	1584.84082	1002.609253	1833.403809	996.684265	-16.458946	-0.821269	-2.082916	0.974544	0.2221	0.030581	-0.22303	0.94652	0.233149	0.022836	-0.234034	0.97196
TrackerOperationMode_Track	-10.824265	2.882683	581.801086	3042.907227	156.000748	1700.519165	389.223206	1694.161377	620.139465	1584.947998	1002.578369	1833.4729	996.701172	-16.483986	-0.815738	-2.105512	0.974459	0.22245	0.030755	-0.2234	0.946334	0.233549	0.022848	-0.234454	0.971859
TrackerOperationMode_Track	-10.824417	2.882683	581.809387	3042.904541	156.000656	1700.365479	389.272003	1694.188965	620.163025	1584.843872	1002.546509	1833.488647	996.679626	-16.482924	-0.826116	-2.075237	0.97457	0.221988	0.030582	-0.222911	0.946445	0.233564	0.022904	-0.234441	0.97186
TrackerOperationMode_Track	-10.824371	2.882721	581.80658	3042.905029	156.002609	1700.433838	389.197327	1694.150757	620.154785	1584.891602	1002.574097	1833.41333	996.680054	-16.476059	-0.818287	-2.091593	0.974511	0.222231	0.030688	-0.223176	0.946417	0.233424	0.022831	-0.234323	0.971891
TrackerOperationMode_Track	-10.824181	2.882706	581.799316	3042.92041	156.002502	1700.319214	389.317474	1694.196899	620.135071	1584.89978	1002.519348	1833.414429	996.710327	-16.494564	-0.829659	-2.06628	0.974603	0.221843	0.030561	-0.22276	0.94643	0.233768	0.022936	-0.234639	0.971812
TrackerOperationMode_Track	-10.824181	2.882675	581.798035	3042.913818	156.000793	1700.366089	389.278748	1694.09436	620.14978	1584.843262	1002.621277	1833.407959	996.670837	-16.489489	-0.822208	-2.092377	0.974506	0.222253	0.030667	-0.223186	0.946356	0.233661	0.02291	-0.234548	0.971834
TrackerOperationMode_Track	-10.824303	2.882774	581.804077	3042.911133	156.005661	1700.467773	389.213287	1694.208618	620.213135	1584.897705	1002.644348	1833.489014	996.695984	-16.469173	-0.818903	-2.087014	0.974528	0.222159	0.030655	-0.2231	0.946463	0.233311	0.022818	-0.234207	0.971919
TrackerOperationMode_Track	-10.824402	2.882774	581.810547	3042.917969	156.006302	1700.433594	389.213989	1694.122437	620.182312	1584.848877	1002.596375	1833.42749	996.710327	-16.474897	-0.816957	-2.096607	0.974492	0.222311	0.030706	-0.223258	0.946404	0.2334	0.022827	-0.234301	0.971896
TrackerOperationMode_Track	-10.824364	2.882729	581.812073	3042.933838	156.004333	1700.307495	389.234009	1694.115234	620.168335	1584.809692	1002.542969	1833.465576	996.7276	-16.478624	-0.828796	-2.08098	0.974546	0.2221	0.030524	-0.223008	0.946438	0.2335	0.022972	-0.234363	0.971878
TrackerOperationMode_Track	-10.824242	2.882721	581.802612	3042.919922	156.003403	1700.374146	389.224487	1694.151001	620.233704	1584.975586	1002.578247	1833.475342	996.757874	-16.466501	-0.83072	-2.089631	0.974512	0.222261	0.030452	-0.223152	0.946453	0.233304	0.023033	-0.234153	0.971927
TrackerOperationMode_Track	-10.824257	2.882767	581.802002	3042.913574	156.005386	1700.489258	389.154968	1694.13562	620.165161	1584.871094	1002.585754	1833.459229	996.75592	-16.472269	-0.814163	-2.103323	0.974468	0.222411	0.030743	-0.223365	0.946392	0.233347	0.022804	-0.234256	0.971907
TrackerOperationMode_Track	-10.824402	2.882729	581.807007	3042.897949	156.00267	1700.454834	389.232544	1694.144775	620.164124	1584.890381	1002.574951	1833.44104	996.673645	-16.478537	-0.817616	-2.096913	0.97449	0.222318	0.030707	-0.223263	0.946387	0.233463	0.022842	-0.234363	0.971881
TrackerOperationMode_Track	-10.824379	2.882721	581.808228	3042.911621	156.00293	1700.464478	389.164917	1694.161743	620.155518	1584.898193	1002.574951	1833.447754	996.691711	-16.472363	-0.817284	-2.095032	0.974498	0.222287	0.030692	-0.223232	0.94642	0.233359	0.022825	-0.23426	0.971906
TrackerOperationMode_Track	-10.824402	2.882713	581.810669	3042.917236	156.002945	1700.425293	389.249054	1694.163208	620.151245	1584.887329	1002.542969	1833.451294	996.641479	-16.480694	-0.820786	-2.089265	0.974518	0.222202	0.030662	-0.223139	0.946405	0.233509	0.022867	-0.234401	0.971871
TrackerOperationMode_Track	-10.824257	2.882706	581.800781	3042.907227	156.001785	1700.415039	389.21698	1694.114136	620.136597	1584.957397	1002.550232	1833.421997	996.675598	-16.482014	-0.82359	-2.100126	0.974475	0.222397	0.03062	-0.223318	0.946355	0.23354	0.022962	-0.234417	0.971865
TrackerOperationMode_Track	-10.824394	2.882744	581.807678	3042.903809	156.00383	1700.439087	389.219482	1694.132568	620.193115	1584.906006	1002.625366	1833.408569	996.724365	-16.475058	-0.818207	-2.096646	0.974491	0.222318	0.030686	-0.22326	0.946402	0.233407	0.022849	-0.234304	0.971895
TrackerOperationMode_Track	-10.824379	2.882736	581.809753	3042.919189	156.004135	1700.363281	389.215027	1694.181641	620.171143	1584.875977	1002.627441	1833.414917	996.731567	-16.478788	-0.824208	-2.074481	0.974574	0.221968	0.030599	-0.222897	0.946467	0.233488	0.022865	-0.234372	0.971878
TrackerOperationMode_Track	-10.824364	2.882751	581.806702	3042.905762	156.004242	1700.443115	389.220734	1694.136719	620.266602	1584.912354	1002.614441	1833.410645	996.78949	-16.462	-0.818195	-2.09689	0.97449	0.222329	0.030644	-0.223265	0.946454	0.233189	0.022842	-0.234082	0.971948
TrackerOperationMode_Track	-10.824364	2.88279	581.805481	3042.899414	156.006119	1700.350708	389.206116	1694.17334	620.170837	1584.891357	1002.589966	1833.377441	996.668091	-16.474136	-0.824402	-2.073998	0.974575	0.221963	0.030581	-0.22289	0.946488	0.23341	0.022864	-0.234292	0.971897
TrackerOperationMode_Track	-10.824364	2.882774	581.806519	3042.904785	156.005493	1700.481323	389.20343	1694.173828	620.228516	1584.853882	1002.558777	1833.458008	996.68042	-16.460737	-0.814181	-2.093738	0.974505	0.222256	0.030705	-0.22321	0.946476	0.233155	0.022758	-0.234064	0.971955
TrackerOperationMode_Track	-10.824364	2.882744	581.803955	3042.891602	156.003433	1700.42749	389.273987	1694.160156	620.237549	1584.881958	1002.567749	1833.480835	996.678101	-16.468451	-0.821706	-2.091534	0.974509	0.222251	0.030607	-0.223178	0.946445	0.233308	0.022885	-0.234191	0.971921
TrackerOperationMode_Track	-10.824379	2.882774	581.806885	3042.904053	156.005585	1700.520996	389.285828	1694.158813	620.193909	1584.898438	1002.556519	1833.446533	996.680054	-16.479	-0.812116	-2.103625	0.974468	0.222405	0.030799	-0.223369	0.946365	0.233453	0.022774	-0.234372	0.97188
TrackerOperationMode_Track	-10.824364	2.882744	581.806519	3042.904785	156.004181	1700.505859	389.31955	1694.140137	620.163086	1584.883545	1002.62793	1833.461548	996.696045	-16.49297	-0.813535	-2.105201	0.974461	0.222431	0.030821	-0.223394	0.9463	0.23369	0.022814	-0.234607	0.971823
TrackerOperationMode_Track	-10.824402	2.882759	581.808105	3042.903809	156.004623	1700.40271	389.163086	1694.131226	620.232239	1584.886475	1002.609253	1833.45166	996.688171	-16.457355	-0.822691	-2.093305	0.974501	0.222292	0.030555	-0.223211	0.946483	0.233126	0.022903	-0.234002	0.971966
TrackerOperationMode_Track	-10.824364	2.882759	581.809082	3042.918213	156.005569	1700.378052	389.186981	1694.175659	620.197815	1584.893433	1002.618774	1833.500732	996.694275	-16.468168	-0.827649	-2.082328	0.974541	0.222123	0.030508	-0.223031	0.946477	0.233322	0.022951	-0.234186	0.971921
TrackerOperationMode_Track	-10.824402	2.882744	581.810913	3042.917969	156.004623	1700.473267	389.249359	1694.163818	620.15271	1584.875488	1002.551453	1833.502075	996.662598	-16.482038	-0.818086	-2.09722	0.974489	0.222324	0.030711	-0.223268	0.946371	0.233523	0.022854	-0.234422	0.971866
