Op. Mode	AZ	EL	X	Y	Z	C1x	C1y	C2x	C2y	C3x	C3y	C4x	C4y	Pitch	Roll	Yaw	F[0]	F[1]	F[2]	F[3]	F[4]	F[5]	F[6]	F[7]	F[8]
TrackerOperationMode_Track	-11.830627	2.186119	635.138123	3032.135498	118.259239	1690.218994	357.656616	1587.979614	995.016357	1785.36499	651.874878	1823.910889	993.397827	64.918762	-13.824282	-32.690536	0.869502	0.401341	-0.287909	-0.405207	0.246289	-0.880425	-0.282442	0.882194	0.376775
TrackerOperationMode_Track	-11.830666	2.186188	635.137085	3032.122559	118.262161	1690.162842	357.579651	1587.971069	995.070007	1785.366455	651.848694	1823.865723	993.457947	64.917709	-13.825581	-32.684082	0.86955	0.401228	-0.287922	-0.405191	0.246351	-0.880416	-0.282318	0.882229	0.376788
TrackerOperationMode_Track	-11.830971	2.186188	635.156677	3032.135498	118.26329	1690.141113	357.732239	1587.957764	995.001831	1785.282593	651.95813	1823.831055	993.455994	64.913666	-13.824055	-32.686508	0.869513	0.401306	-0.287925	-0.405237	0.246379	-0.880386	-0.282366	0.882185	0.376854
TrackerOperationMode_Track	-11.830704	2.186226	635.139587	3032.123047	118.264633	1690.052124	357.760803	1587.995728	995.067261	1785.335327	651.992676	1823.872314	993.421082	64.914581	-13.84066	-32.693352	0.869545	0.401158	-0.288035	-0.405281	0.246368	-0.880369	-0.282204	0.882256	0.37681
TrackerOperationMode_Track	-11.830788	2.186035	635.140808	3032.108154	118.253624	1690.153442	357.67392	1587.953979	995.056458	1785.365234	651.838745	1823.886108	993.386169	64.921791	-13.831658	-32.694702	0.869513	0.401283	-0.287957	-0.405215	0.246242	-0.880435	-0.282396	0.882234	0.376716
TrackerOperationMode_Track	-11.830666	2.18615	635.131775	3032.095947	118.259399	1690.156616	357.613922	1587.976196	995.149902	1785.332764	651.909912	1823.879883	993.491211	64.919006	-13.824799	-32.680237	0.869577	0.401176	-0.287913	-0.405162	0.246359	-0.880426	-0.282276	0.88225	0.37677
TrackerOperationMode_Track	-11.830681	2.186066	635.138306	3032.123291	118.256203	1690.071289	357.665863	1587.956055	995.054565	1785.378296	652.001831	1823.865112	993.482117	64.910378	-13.8368	-32.694809	0.869506	0.401256	-0.288017	-0.405316	0.246404	-0.880343	-0.282274	0.882201	0.376885
TrackerOperationMode_Track	-11.830666	2.18618	635.14032	3032.137939	118.262489	1690.110107	357.692322	1587.951538	994.99762	1785.342285	651.920105	1823.915405	993.46283	64.912514	-13.835328	-32.699188	0.869474	0.401334	-0.288002	-0.405314	0.246339	-0.880362	-0.282373	0.882183	0.376852
TrackerOperationMode_Track	-11.830826	2.186028	635.145142	3032.116943	118.253777	1690.013672	357.524628	1587.904663	995.132935	1785.26062	651.910522	1823.766602	993.506165	64.914284	-13.827866	-32.675625	0.869609	0.401082	-0.287948	-0.40519	0.246463	-0.880385	-0.282138	0.882264	0.37684
TrackerOperationMode_Track	-11.830627	2.186386	635.135376	3032.122314	118.273315	1690.234497	357.567413	1588.134888	995.232239	1785.324585	651.995544	1823.958862	993.598938	64.914536	-13.815775	-32.655888	0.869694	0.400959	-0.28786	-0.405079	0.24656	-0.880409	-0.282033	0.882292	0.376852
TrackerOperationMode_Track	-11.83075	2.186096	635.141418	3032.121582	118.257561	1690.173584	357.690552	1588.010864	994.989563	1785.323486	651.933167	1823.884033	993.44043	64.913185	-13.825115	-32.684975	0.869529	0.401269	-0.28793	-0.405233	0.246402	-0.880382	-0.282323	0.882196	0.376861
TrackerOperationMode_Track	-11.830879	2.186104	635.148438	3032.120117	118.257782	1690.051636	357.507629	1588.000366	995.108337	1785.396973	651.900818	1823.883301	993.466492	64.912811	-13.838363	-32.684006	0.869594	0.401059	-0.288026	-0.405255	0.246451	-0.880358	-0.282091	0.882278	0.376844
TrackerOperationMode_Track	-11.830605	2.186089	635.134094	3032.124268	118.25708	1690.245117	357.58963	1587.953369	995.104309	1785.319214	651.855286	1823.88501	993.45105	64.922005	-13.814683	-32.679245	0.869546	0.401299	-0.287834	-0.405117	0.2463	-0.880464	-0.282436	0.882211	0.376742
TrackerOperationMode_Track	-11.830727	2.186104	635.13916	3032.116211	118.257584	1690.198975	358.030426	1588.026123	995.281128	1785.422607	651.462708	1823.833984	993.689148	64.943199	-13.837914	-32.696606	0.869587	0.401127	-0.28795	-0.405054	0.245969	-0.880585	-0.2824	0.882381	0.37637
TrackerOperationMode_Track	-11.830917	2.190163	635.15564	3032.143311	118.478836	1690.182007	359.409485	1587.944214	998.8797	1785.325806	649.444214	1823.848022	997.284424	65.100006	-13.852012	-32.633347	0.870521	0.399282	-0.287694	-0.403487	0.244363	-0.881751	-0.281765	0.883663	0.373828
TrackerOperationMode_Track	-11.830864	2.18853	635.144958	3032.107666	118.389198	1690.263672	362.424255	1588.040649	997.95813	1785.210815	647.851562	1823.875732	996.33429	65.206711	-13.961417	-32.835014	0.869901	0.400266	-0.288202	-0.403636	0.241903	-0.882361	-0.283462	0.883895	0.371993
TrackerOperationMode_Track	-11.830811	2.189926	635.133423	3032.06543	118.462807	1690.268311	359.564545	1588.046509	998.4328	1785.357544	650.052185	1823.911255	996.84259	65.074562	-13.849558	-32.647507	0.870342	0.399641	-0.287734	-0.403755	0.244591	-0.881565	-0.281933	0.883438	0.374234
TrackerOperationMode_Track	-11.830757	2.191185	635.144165	3032.130371	118.53334	1690.151367	354.556946	1587.912964	993.557251	1785.53479	654.32074	1823.707642	991.854248	64.748055	-13.729362	-32.571842	0.869444	0.40166	-0.287639	-0.405935	0.248986	-0.879331	-0.281574	0.881292	0.379527
