Op. Mode	AZ	EL	X	Y	Z	C1x	C1y	C2x	C2y	C3x	C3y	C4x	C4y	Pitch	Roll	Yaw	F[0]	F[1]	F[2]	F[3]	F[4]	F[5]	F[6]	F[7]	F[8]
TrackerOperationMode_Track	37.256546	-6.01165	-1503.565186	1976.819336	-261.552734	1690.814331	176.098846	1916.169189	599.648682	1819.987183	961.888306	1582.66687	991.582275	6.025193	-0.752275	41.451168	0.194413	-0.980866	-0.010244	0.980869	0.194498	-0.0081	0.009937	-0.008473	0.999915
TrackerOperationMode_Track	37.256599	-6.011681	-1503.567017	1976.817871	-261.554382	1690.897095	176.044876	1916.287842	599.619934	1820.005859	961.785889	1582.557495	991.63916	6.021469	-0.743083	41.473587	0.194046	-0.98094	-0.010157	0.980944	0.19413	-0.007951	0.009771	-0.00842	0.999917
TrackerOperationMode_Track	37.256683	-6.011589	-1503.55481	1976.795898	-261.547394	1690.909546	175.967865	1916.240845	599.531982	1820.006836	961.844849	1582.660645	991.526062	6.013163	-0.745867	41.452744	0.194397	-0.980869	-0.010282	0.980875	0.194481	-0.007866	0.009715	-0.008556	0.999916
TrackerOperationMode_Track	37.256653	-6.011505	-1503.555542	1976.799316	-261.544281	1690.898682	176.005859	1916.198853	599.648865	1820.026978	961.879578	1582.591064	991.570068	6.029431	-0.744879	41.445446	0.194523	-0.980846	-0.010095	0.980848	0.194607	-0.008083	0.009892	-0.00833	0.999916
TrackerOperationMode_Track	37.256752	-6.011581	-1503.56543	1976.805054	-261.548584	1690.956909	175.843246	1916.256714	599.565918	1820.008179	961.913635	1582.597046	991.594299	6.019868	-0.740073	41.442192	0.194587	-0.980833	-0.010131	0.980837	0.19467	-0.007898	0.009719	-0.0084	0.999918
TrackerOperationMode_Track	37.25663	-6.011635	-1503.560913	1976.808105	-261.550934	1690.896851	175.952225	1916.241333	599.582825	1820.038452	961.889648	1582.645264	991.548401	6.023303	-0.747305	41.449039	0.194458	-0.980858	-0.010195	0.980861	0.194542	-0.008021	0.009851	-0.00844	0.999916
TrackerOperationMode_Track	37.256683	-6.011642	-1503.571045	1976.817261	-261.552643	1690.962646	176.037521	1916.292358	599.590027	1820.03186	961.839844	1582.681519	991.580933	6.014679	-0.743751	41.458748	0.194299	-0.980889	-0.010237	0.980894	0.194382	-0.007864	0.009704	-0.008514	0.999917
TrackerOperationMode_Track	37.256645	-6.011604	-1503.5448	1976.786377	-261.546783	1690.887207	175.986343	1916.272827	599.547119	1819.998657	961.787781	1582.6604	991.459717	6.024801	-0.747243	41.466866	0.194152	-0.980919	-0.010178	0.980922	0.194236	-0.008042	0.009865	-0.008422	0.999916
TrackerOperationMode_Track	37.256699	-6.011566	-1503.556641	1976.798218	-261.546997	1690.925049	176.08432	1916.208984	599.623474	1819.970825	961.953491	1582.645508	991.628174	6.005739	-0.742934	41.448364	0.194479	-0.980852	-0.01032	0.98086	0.194562	-0.007733	0.009592	-0.008619	0.999917
TrackerOperationMode_Track	37.256615	-6.011536	-1503.560425	1976.809082	-261.546539	1690.970215	176.001892	1916.271484	599.637512	1820.034424	961.886963	1582.677002	991.622559	6.022238	-0.743066	41.447369	0.194495	-0.980851	-0.010147	0.980855	0.194578	-0.007963	0.009785	-0.008404	0.999917
TrackerOperationMode_Track	37.256653	-6.011612	-1503.558228	1976.802856	-261.549591	1690.946655	175.993515	1916.260498	599.589966	1819.968384	961.888306	1582.633667	991.568604	6.014393	-0.740855	41.456062	0.194351	-0.980879	-0.0102	0.980884	0.194433	-0.00783	0.009664	-0.008483	0.999917
TrackerOperationMode_Track	37.25663	-6.011673	-1503.554199	1976.799316	-261.551453	1690.915039	176.029938	1916.191895	599.578796	1819.959717	961.844666	1582.609863	991.518433	6.014094	-0.742033	41.450947	0.194436	-0.980862	-0.01022	0.980867	0.194519	-0.007838	0.009676	-0.008501	0.999917
TrackerOperationMode_Track	37.256645	-6.011574	-1503.535645	1976.77417	-261.543762	1690.930664	176.051727	1916.249146	599.664795	1819.963989	961.866638	1582.689209	991.60791	6.026628	-0.743879	41.453842	0.194382	-0.980874	-0.010112	0.980877	0.194465	-0.008032	0.009845	-0.008357	0.999917
TrackerOperationMode_Track	37.25663	-6.011536	-1503.544434	1976.786987	-261.543701	1690.857178	175.996674	1916.248413	599.576111	1819.960693	961.85675	1582.598022	991.502502	6.022363	-0.74575	41.468033	0.194136	-0.980922	-0.010182	0.980926	0.19422	-0.007993	0.009818	-0.008436	0.999916
TrackerOperationMode_Track	37.25663	-6.011581	-1503.559082	1976.806274	-261.54834	1690.903564	175.982574	1916.225952	599.575134	1819.969116	961.838928	1582.648438	991.639954	6.013467	-0.744477	41.450493	0.19444	-0.980861	-0.01026	0.980867	0.194523	-0.007856	0.009701	-0.008536	0.999916
TrackerOperationMode_Track	37.256615	-6.01162	-1503.550537	1976.795532	-261.548615	1690.847412	176.0009	1916.312256	599.571533	1820.00647	961.840942	1582.649292	991.583923	6.021389	-0.749898	41.476135	0.193989	-0.98095	-0.010251	0.980954	0.194074	-0.008022	0.009859	-0.008499	0.999915
TrackerOperationMode_Track	37.256577	-6.011673	-1503.550537	1976.798706	-261.5513	1690.952271	175.933136	1916.279907	599.5802	1820.031006	961.862244	1582.698975	991.613953	6.020182	-0.744965	41.447037	0.194498	-0.98085	-0.010196	0.980854	0.194581	-0.007953	0.009785	-0.008454	0.999916
TrackerOperationMode_Track	37.25663	-6.011589	-1503.544434	1976.786865	-261.54599	1690.945923	176.001892	1916.269531	599.583618	1819.996338	961.883728	1582.650269	991.579041	6.013124	-0.742502	41.455978	0.19435	-0.980879	-0.010236	0.980885	0.194432	-0.00783	0.009671	-0.008519	0.999917
TrackerOperationMode_Track	37.256599	-6.011604	-1503.551758	1976.79834	-261.548218	1690.950073	176.048248	1916.244019	599.605469	1820.038818	961.884644	1582.699707	991.595093	6.013751	-0.745533	41.446331	0.194509	-0.980847	-0.010271	0.980853	0.194593	-0.007871	0.009719	-0.008544	0.999916
TrackerOperationMode_Track	37.256645	-6.011597	-1503.553223	1976.797241	-261.547668	1690.856323	176.135117	1916.214111	599.577087	1819.991943	961.828064	1582.646484	991.539551	6.009501	-0.748793	41.465176	0.19418	-0.980911	-0.010361	0.980918	0.194264	-0.007846	0.009709	-0.00864	0.999916
TrackerOperationMode_Track	37.25663	-6.01162	-1503.552856	1976.797485	-261.548981	1690.91272	175.97113	1916.261597	599.597839	1820.009033	961.855835	1582.677979	991.574463	6.024735	-0.746314	41.453087	0.19439	-0.980872	-0.010166	0.980875	0.194474	-0.008031	0.009854	-0.00841	0.999916
TrackerOperationMode_Track	37.256577	-6.011581	-1503.560913	1976.812256	-261.549011	1690.874878	176.077637	1916.247437	599.606506	1819.94043	961.923523	1582.674927	991.631897	6.008805	-0.746494	41.462772	0.194227	-0.980902	-0.010337	0.980909	0.194311	-0.007812	0.009672	-0.008622	0.999916
TrackerOperationMode_Track	37.25663	-6.011574	-1503.551392	1976.796021	-261.546692	1690.956421	176.009109	1916.274292	599.581299	1819.994507	961.840881	1582.661011	991.584595	6.013827	-0.742098	41.456955	0.194334	-0.980882	-0.010223	0.980888	0.194416	-0.007836	0.009674	-0.008505	0.999917
TrackerOperationMode_Track	37.256645	-6.011604	-1503.561279	1976.807983	-261.549774	1690.955444	176.009872	1916.231689	599.593018	1820.025024	961.868164	1582.676514	991.52771	6.018476	-0.743833	41.444893	0.194536	-0.980842	-0.010198	0.980847	0.194619	-0.007918	0.009751	-0.008462	0.999917
TrackerOperationMode_Track	37.25663	-6.011597	-1503.552612	1976.797607	-261.548035	1690.905884	175.996674	1916.226807	599.615234	1819.984863	961.817261	1582.637573	991.572693	6.026788	-0.74454	41.452438	0.194405	-0.980869	-0.01012	0.980872	0.194488	-0.008041	0.009855	-0.008363	0.999916
TrackerOperationMode_Track	37.256645	-6.011581	-1503.553223	1976.797241	-261.547272	1690.975342	176.033401	1916.247192	599.638	1820.033203	961.83667	1582.626099	991.542847	6.025245	-0.740919	41.450222	0.194449	-0.980861	-0.010086	0.980864	0.194532	-0.007982	0.009791	-0.008341	0.999917
TrackerOperationMode_Track	37.256653	-6.011581	-1503.545532	1976.786133	-261.545593	1690.970825	176.01561	1916.220093	599.626404	1820.041138	961.796021	1582.577637	991.536133	6.026084	-0.739798	41.447235	0.194502	-0.98085	-0.010061	0.980853	0.194585	-0.007982	0.009787	-0.008316	0.999918
TrackerOperationMode_Track	37.25663	-6.011604	-1503.561035	1976.808105	-261.549835	1690.923096	176.067169	1916.303223	599.588745	1819.966064	961.868164	1582.675415	991.626526	6.008133	-0.744006	41.470158	0.194105	-0.980927	-0.01031	0.980934	0.194188	-0.007777	0.00963	-0.008604	0.999917
TrackerOperationMode_Track	37.256645	-6.011566	-1503.545044	1976.786621	-261.545044	1690.942505	176.036133	1916.263306	599.659241	1819.978638	961.897827	1582.625366	991.598328	6.023801	-0.741243	41.457493	0.194324	-0.980885	-0.010105	0.980889	0.194407	-0.007965	0.009778	-0.008364	0.999917
TrackerOperationMode_Track	37.25663	-6.011604	-1503.552612	1976.797607	-261.548248	1690.932861	175.917007	1916.286011	599.527893	1819.970215	961.825439	1582.60791	991.559875	6.013521	-0.740948	41.462414	0.194242	-0.9809	-0.010211	0.980906	0.194325	-0.007819	0.009654	-0.008497	0.999917
TrackerOperationMode_Track	37.256615	-6.01162	-1503.555664	1976.802368	-261.549591	1690.921509	176.062637	1916.267944	599.576965	1819.994263	961.853516	1582.695312	991.551514	6.012069	-0.745869	41.46138	0.194251	-0.980898	-0.010294	0.980904	0.194335	-0.007851	0.009701	-0.008572	0.999916
TrackerOperationMode_Track	37.256599	-6.011612	-1503.553711	1976.800537	-261.549103	1690.907593	175.947235	1916.203979	599.584473	1820.018555	961.887268	1582.725464	991.609863	6.020235	-0.74867	41.433708	0.194719	-0.980806	-0.010246	0.98081	0.194803	-0.007993	0.009836	-0.008493	0.999916
TrackerOperationMode_Track	37.25663	-6.011604	-1503.552612	1976.797607	-261.548248	1690.996338	176.091705	1916.251831	599.549561	1819.990967	961.933289	1582.684692	991.493713	5.995342	-0.740043	41.453362	0.194401	-0.980867	-0.01039	0.980877	0.194483	-0.007557	0.009433	-0.008723	0.999917
TrackerOperationMode_Track	37.256615	-6.011597	-1503.544067	1976.786987	-261.546631	1690.881714	176.102737	1916.282593	599.584595	1820.024292	961.815247	1582.738892	991.509094	6.020052	-0.75143	41.468765	0.194113	-0.980925	-0.010286	0.98093	0.194198	-0.00802	0.009865	-0.008533	0.999915
TrackerOperationMode_Track	37.25663	-6.011589	-1503.544434	1976.786865	-261.546112	1690.978882	175.953079	1916.286621	599.571838	1819.97522	961.913086	1582.641235	991.555237	6.012204	-0.739022	41.45504	0.194372	-0.980875	-0.010198	0.980881	0.194454	-0.007781	0.009615	-0.00849	0.999918
TrackerOperationMode_Track	37.25663	-6.011635	-1503.55249	1976.797363	-261.549469	1690.858521	175.991943	1916.265625	599.594421	1819.999023	961.795227	1582.628052	991.596069	6.026958	-0.74808	41.465855	0.194168	-0.980916	-0.010167	0.980918	0.194252	-0.00808	0.009901	-0.008404	0.999916
TrackerOperationMode_Track	37.256599	-6.011627	-1503.545166	1976.789429	-261.548065	1690.91333	176.047882	1916.316284	599.596985	1820.002319	961.794922	1582.669556	991.577087	6.021496	-0.745827	41.473595	0.194041	-0.980941	-0.010194	0.980944	0.194125	-0.007981	0.009808	-0.008451	0.999916
TrackerOperationMode_Track	37.256599	-6.011612	-1503.551514	1976.79834	-261.548584	1690.955933	176.005569	1916.251953	599.554321	1820.005249	961.762024	1582.658447	991.562988	6.01415	-0.742465	41.454273	0.194379	-0.980873	-0.010225	0.980879	0.194462	-0.007844	0.009682	-0.008505	0.999917
TrackerOperationMode_Track	37.256599	-6.011612	-1503.551514	1976.79834	-261.548767	1690.952881	176.076508	1916.25415	599.583191	1820.024902	961.887573	1582.673096	991.616943	6.003349	-0.743897	41.452957	0.1944	-0.980868	-0.010359	0.980875	0.194483	-0.007709	0.009576	-0.008662	0.999917
TrackerOperationMode_Track	37.25663	-6.01165	-1503.568848	1976.81897	-261.552856	1690.921509	175.97377	1916.241333	599.55072	1819.995117	961.812134	1582.637085	991.57312	6.014172	-0.743752	41.453537	0.194389	-0.980871	-0.010243	0.980877	0.194472	-0.007857	0.009699	-0.00852	0.999917
TrackerOperationMode_Track	37.256615	-6.011658	-1503.55188	1976.797852	-261.550293	1690.856445	176.001617	1916.24585	599.640503	1820.060303	961.766174	1582.705811	991.508118	6.047027	-0.753271	41.455154	0.194339	-0.980883	-0.010026	0.980881	0.194425	-0.008413	0.010202	-0.0082	0.999914
TrackerOperationMode_Track	37.25663	-6.01162	-1503.537842	1976.778198	-261.546234	1690.948608	175.994019	1916.280518	599.555603	1819.948975	961.842041	1582.669312	991.540466	6.012038	-0.741327	41.46212	0.194247	-0.980899	-0.010232	0.980905	0.194329	-0.007802	0.009642	-0.008521	0.999917
TrackerOperationMode_Track	37.256577	-6.011597	-1503.566895	1976.81958	-261.550903	1690.974609	175.944611	1916.286621	599.6026	1820.032837	961.855225	1582.633545	991.484741	6.029738	-0.74117	41.454086	0.194384	-0.980874	-0.010042	0.980876	0.194466	-0.008047	0.009845	-0.008286	0.999917
TrackerOperationMode_Track	37.256615	-6.011597	-1503.548462	1976.793335	-261.547333	1690.931274	176.0625	1916.316284	599.589783	1820.017944	961.900024	1582.744629	991.603333	6.010981	-0.747745	41.463982	0.194203	-0.980907	-0.010331	0.980913	0.194287	-0.007856	0.009713	-0.008608	0.999916
TrackerOperationMode_Track	37.256645	-6.011543	-1503.545166	1976.786255	-261.544312	1691.017944	176.080612	1916.384033	599.592163	1820.116821	961.98175	1582.810059	991.641479	6.001412	-0.747374	41.458549	0.194297	-0.980887	-0.010427	0.980896	0.194381	-0.00772	0.009599	-0.008728	0.999916
TrackerOperationMode_Track	37.256653	-6.011551	-1503.545532	1976.786133	-261.544525	1691.008545	176.108383	1916.393433	599.64502	1820.108398	961.94635	1582.800415	991.571289	6.017836	-0.747475	41.466206	0.194164	-0.980915	-0.010254	0.98092	0.194248	-0.007948	0.009789	-0.008515	0.999916
TrackerOperationMode_Track	37.25663	-6.011574	-1503.557373	1976.803833	-261.547668	1691.012329	176.123978	1916.366333	599.683899	1820.099121	961.912964	1582.775757	991.577576	6.025069	-0.746026	41.462685	0.194227	-0.980904	-0.010158	0.980907	0.19431	-0.008033	0.009854	-0.008404	0.999916
TrackerOperationMode_Track	37.256584	-6.011658	-1503.55127	1976.798218	-261.550354	1691.007324	176.025818	1916.304932	599.632141	1820.009521	961.846558	1582.696899	991.640564	6.018034	-0.740269	41.454056	0.194387	-0.980872	-0.010154	0.980877	0.194469	-0.007874	0.009698	-0.008429	0.999917
TrackerOperationMode_Track	37.256531	-6.011665	-1503.549316	1976.799438	-261.550781	1690.8927	175.956589	1916.250366	599.52655	1819.986572	961.84198	1582.651978	991.545288	6.012761	-0.746023	41.457333	0.194321	-0.980884	-0.010289	0.98089	0.194405	-0.007861	0.009711	-0.008565	0.999916
TrackerOperationMode_Track	37.256645	-6.011612	-1503.553223	1976.797241	-261.548645	1691.000854	176.007477	1916.263306	599.597839	1820.026855	961.916931	1582.605103	991.512756	6.013358	-0.738068	41.450893	0.194445	-0.980861	-0.010173	0.980866	0.194527	-0.007786	0.009616	-0.008464	0.999918
TrackerOperationMode_Track	37.256645	-6.011635	-1503.536621	1976.775513	-261.546814	1690.918945	176.074799	1916.245483	599.557617	1820.012573	961.800537	1582.639282	991.603394	6.005259	-0.744719	41.460316	0.194272	-0.980893	-0.01035	0.980901	0.194355	-0.007744	0.009607	-0.008648	0.999916
TrackerOperationMode_Track	37.25663	-6.01162	-1503.552612	1976.797607	-261.549011	1690.888794	176.007919	1916.224487	599.603821	1820.025391	961.909546	1582.713501	991.533752	6.023746	-0.749905	41.44595	0.194506	-0.980848	-0.010226	0.980851	0.19459	-0.008055	0.009891	-0.008463	0.999915
TrackerOperationMode_Track	37.25663	-6.011627	-1503.560913	1976.808105	-261.550598	1690.891235	176.060867	1916.258789	599.580505	1820.005615	961.905029	1582.662842	991.555115	6.011032	-0.747257	41.462082	0.194236	-0.9809	-0.010324	0.980907	0.19432	-0.007851	0.009707	-0.008602	0.999916
TrackerOperationMode_Track	37.25663	-6.011604	-1503.544312	1976.786743	-261.546783	1690.916138	176.015717	1916.21875	599.546509	1820.006348	961.857666	1582.664307	991.598267	6.005337	-0.745514	41.447914	0.194483	-0.980851	-0.01036	0.980859	0.194566	-0.007754	0.009621	-0.008654	0.999916
TrackerOperationMode_Track	37.256599	-6.011642	-1503.576538	1976.830322	-261.554016	1690.970459	176.017593	1916.214722	599.594482	1820.034424	961.917542	1582.678711	991.549622	6.012291	-0.743143	41.437553	0.194664	-0.980816	-0.010254	0.980822	0.194747	-0.007825	0.009671	-0.008534	0.999917
TrackerOperationMode_Track	37.25663	-6.011642	-1503.56543	1976.814453	-261.552216	1690.939453	176.149414	1916.304932	599.580505	1820.024048	961.912476	1582.643066	991.532715	6.000693	-0.743844	41.474785	0.194026	-0.980941	-0.010387	0.98095	0.194109	-0.007671	0.009541	-0.0087	0.999917
TrackerOperationMode_Track	37.25663	-6.011642	-1503.560669	1976.808228	-261.551392	1690.905151	176.029144	1916.262573	599.648682	1819.993042	961.920471	1582.706177	991.606445	6.02522	-0.747301	41.453941	0.194374	-0.980875	-0.010175	0.980878	0.194458	-0.008048	0.009872	-0.008416	0.999916
TrackerOperationMode_Track	37.256645	-6.01162	-1503.557617	1976.803345	-261.549713	1690.912354	176.121857	1916.311768	599.64209	1819.980957	961.903931	1582.654541	991.641968	6.012365	-0.744584	41.475048	0.194019	-0.980944	-0.010273	0.98095	0.194102	-0.007841	0.009686	-0.008556	0.999916
TrackerOperationMode_Track	37.256615	-6.011597	-1503.552002	1976.797974	-261.547699	1690.958374	176.027328	1916.256836	599.584167	1820.053589	961.841309	1582.721191	991.56665	6.016173	-0.746254	41.446846	0.194499	-0.980849	-0.010256	0.980854	0.194582	-0.007912	0.009756	-0.00852	0.999916
TrackerOperationMode_Track	37.256599	-6.01165	-1503.556519	1976.804077	-261.550873	1690.908447	176.069656	1916.268677	599.614929	1819.996948	961.832458	1582.643555	991.521606	6.023001	-0.745087	41.466858	0.194158	-0.980918	-0.010168	0.980921	0.194241	-0.007994	0.009816	-0.008422	0.999916
TrackerOperationMode_Track	37.256599	-6.01162	-1503.553589	1976.800537	-261.549194	1690.839355	176.076492	1916.243652	599.527649	1819.995605	961.884094	1582.681152	991.545044	6.003116	-0.751295	41.466492	0.194154	-0.980915	-0.010464	0.980923	0.194239	-0.007783	0.009667	-0.008753	0.999915
TrackerOperationMode_Track	37.256645	-6.011597	-1503.544922	1976.786377	-261.546661	1690.901611	175.977417	1916.267212	599.665161	1819.947754	961.887268	1582.641846	991.625183	6.032679	-0.743592	41.458511	0.194302	-0.98089	-0.010044	0.980892	0.194385	-0.008113	0.00991	-0.008276	0.999917
TrackerOperationMode_Track	37.256653	-6.011589	-1503.547119	1976.78833	-261.546173	1690.935181	176.050385	1916.305908	599.609375	1820.040283	961.814148	1582.663452	991.53595	6.0244	-0.745412	41.467449	0.194146	-0.98092	-0.010157	0.980923	0.194229	-0.008017	0.009837	-0.008407	0.999916
TrackerOperationMode_Track	37.256645	-6.011597	-1503.546631	1976.788696	-261.546814	1690.929565	175.943787	1916.299316	599.635071	1820.045166	961.830322	1582.705444	991.593933	6.037505	-0.747356	41.453163	0.194385	-0.980874	-0.010045	0.980874	0.194469	-0.008219	0.010016	-0.008255	0.999916
TrackerOperationMode_Track	37.25663	-6.01162	-1503.552612	1976.797607	-261.548798	1690.975098	176.030853	1916.292847	599.56958	1819.960571	961.845215	1582.708008	991.574219	6.008799	-0.741248	41.460522	0.194275	-0.980893	-0.010265	0.9809	0.194357	-0.007757	0.009603	-0.008562	0.999917
TrackerOperationMode_Track	37.256668	-6.011627	-1503.552246	1976.793823	-261.54892	1690.908203	176.065445	1916.252197	599.558411	1820.042236	961.815002	1582.682007	991.591797	6.008936	-0.748063	41.457516	0.194312	-0.980885	-0.010357	0.980892	0.194396	-0.00783	0.009694	-0.008638	0.999916
TrackerOperationMode_Track	37.256615	-6.01162	-1503.560425	1976.808594	-261.550507	1690.909912	176.08783	1916.200073	599.648743	1819.955566	961.833374	1582.656738	991.545593	6.024824	-0.743975	41.452793	0.1944	-0.98087	-0.010133	0.980873	0.194483	-0.008008	0.009825	-0.008382	0.999917
TrackerOperationMode_Track	37.25663	-6.011597	-1503.552612	1976.797607	-261.547821	1690.895264	176.030304	1916.282959	599.582458	1820.059326	961.867798	1582.687256	991.519653	6.021352	-0.749769	41.461693	0.194237	-0.980901	-0.010249	0.980905	0.194321	-0.008021	0.009859	-0.008496	0.999915
TrackerOperationMode_Track	37.25663	-6.011612	-1503.5625	1976.810547	-261.550354	1690.940796	175.991699	1916.269287	599.59198	1820.005127	961.858582	1582.65625	991.542175	6.020737	-0.743421	41.456078	0.194345	-0.98088	-0.010168	0.980884	0.194428	-0.007945	0.00977	-0.00843	0.999917
TrackerOperationMode_Track	37.256599	-6.011612	-1503.560181	1976.808838	-261.550018	1690.942261	175.990311	1916.247192	599.578674	1820.005127	961.859009	1582.640625	991.61676	6.012041	-0.742721	41.450237	0.194448	-0.980859	-0.010251	0.980865	0.194531	-0.007817	0.009662	-0.008535	0.999917
TrackerOperationMode_Track	37.256821	-6.011627	-1503.566406	1976.801514	-261.550446	1690.905884	176.088043	1916.278809	599.712158	1820.039062	961.876892	1582.658936	991.578491	6.038616	-0.747293	41.462242	0.194227	-0.980905	-0.010033	0.980906	0.194311	-0.008234	0.010026	-0.008242	0.999916
TrackerOperationMode_Track	37.256653	-6.011574	-1503.558228	1976.803223	-261.547821	1690.949829	175.971481	1916.209229	599.567566	1819.957397	961.895691	1582.641113	991.60144	6.007408	-0.740467	41.442181	0.19459	-0.980831	-0.010268	0.980838	0.194672	-0.00773	0.00958	-0.008567	0.999917
TrackerOperationMode_Track	37.256653	-6.011597	-1503.56189	1976.807739	-261.549072	1690.935669	176.12149	1916.266846	599.592651	1819.977539	961.862854	1582.60376	991.51886	6.007528	-0.741052	41.471199	0.194092	-0.980929	-0.010275	0.980937	0.194174	-0.007737	0.009585	-0.008578	0.999917
TrackerOperationMode_Track	37.256683	-6.011612	-1503.562988	1976.806641	-261.550049	1690.974731	175.951279	1916.268311	599.607056	1819.981567	961.86261	1582.653931	991.565002	6.023289	-0.740018	41.4501	0.194453	-0.98086	-0.010094	0.980863	0.194535	-0.007945	0.009756	-0.008356	0.999918
TrackerOperationMode_Track	37.256599	-6.011604	-1503.553711	1976.800537	-261.548645	1690.939331	175.978622	1916.229858	599.564941	1819.996704	961.862793	1582.693604	991.52594	6.016542	-0.744559	41.445351	0.194528	-0.980844	-0.010228	0.980849	0.194611	-0.007899	0.009738	-0.008496	0.999916
TrackerOperationMode_Track	37.25663	-6.011635	-1503.55249	1976.797485	-261.549591	1690.904175	176.061935	1916.287354	599.537842	1819.987915	961.842102	1582.605835	991.493164	6.007088	-0.743717	41.476311	0.194	-0.980947	-0.010317	0.980954	0.194083	-0.007759	0.009613	-0.008616	0.999917
TrackerOperationMode_Track	37.25663	-6.011612	-1503.552612	1976.797607	-261.548584	1690.937744	176.029175	1916.263306	599.563232	1820.060181	961.834839	1582.606934	991.551758	6.011594	-0.743882	41.458462	0.194305	-0.980887	-0.010271	0.980894	0.194388	-0.007823	0.00967	-0.008555	0.999917
TrackerOperationMode_Track	37.25663	-6.01162	-1503.552612	1976.797607	-261.549042	1690.907959	175.990387	1916.309326	599.641418	1820.048706	961.835327	1582.654663	991.567749	6.036327	-0.74727	41.464439	0.194193	-0.980912	-0.010057	0.980912	0.194277	-0.008202	0.009999	-0.008272	0.999916
TrackerOperationMode_Track	37.256645	-6.011597	-1503.561279	1976.807983	-261.549591	1690.87915	175.989487	1916.241089	599.603149	1819.968506	961.818665	1582.689331	991.516602	6.031415	-0.747729	41.457233	0.194315	-0.980887	-0.010115	0.980889	0.1944	-0.008139	0.00995	-0.00834	0.999916
TrackerOperationMode_Track	37.256645	-6.011597	-1503.561157	1976.807983	-261.549408	1690.879761	176.092621	1916.234253	599.567322	1819.998657	961.928101	1582.661011	991.545776	6.004052	-0.747787	41.460529	0.194262	-0.980894	-0.010405	0.980902	0.194346	-0.00776	0.009634	-0.008699	0.999916
TrackerOperationMode_Track	37.256615	-6.011627	-1503.545654	1976.789185	-261.548065	1690.887695	175.985092	1916.243164	599.546997	1820.002808	961.872803	1582.635498	991.641724	6.006634	-0.746331	41.454662	0.194366	-0.980874	-0.010358	0.980882	0.194449	-0.00778	0.009645	-0.008648	0.999916
TrackerOperationMode_Track	37.25663	-6.01162	-1503.56897	1976.819092	-261.551758	1690.869995	175.934006	1916.27063	599.539734	1819.998657	961.835754	1582.706665	991.528259	6.023276	-0.750022	41.458553	0.19429	-0.980891	-0.010233	0.980894	0.194375	-0.00805	0.009885	-0.008473	0.999915
TrackerOperationMode_Track	37.25663	-6.01165	-1503.55249	1976.797485	-261.55011	1690.896851	176.139114	1916.269287	599.608398	1819.998413	961.903931	1582.625122	991.585876	6.006405	-0.745307	41.471149	0.194085	-0.98093	-0.010346	0.980937	0.194169	-0.007766	0.009626	-0.008642	0.999916
TrackerOperationMode_Track	37.256599	-6.011635	-1503.548096	1976.793335	-261.549011	1690.869019	176.085739	1916.278198	599.572449	1819.956055	961.850769	1582.695923	991.573853	6.010669	-0.748292	41.472706	0.194053	-0.980937	-0.010342	0.980943	0.194137	-0.007856	0.009714	-0.008621	0.999916
TrackerOperationMode_Track	37.25663	-6.011612	-1503.570801	1976.821655	-261.55191	1690.906128	175.909866	1916.221191	599.567444	1819.973511	961.861206	1582.589478	991.476929	6.026242	-0.742335	41.450977	0.194434	-0.980864	-0.010095	0.980866	0.194517	-0.00801	0.009821	-0.008345	0.999917
TrackerOperationMode_Track	37.256615	-6.011627	-1503.553955	1976.800049	-261.549622	1690.986084	176.007294	1916.269775	599.542236	1820.022827	961.854919	1582.663696	991.525269	6.006519	-0.741104	41.452911	0.194406	-0.980867	-0.010287	0.980874	0.194488	-0.007723	0.009576	-0.008589	0.999917
TrackerOperationMode_Track	37.25663	-6.011635	-1503.536011	1976.775757	-261.54657	1690.848022	176.096146	1916.287476	599.529968	1819.978882	961.818054	1582.603027	991.560608	6.002969	-0.747328	41.484329	0.193856	-0.980975	-0.010411	0.980983	0.19394	-0.007739	0.009611	-0.008712	0.999916
TrackerOperationMode_Track	37.25663	-6.011635	-1503.56897	1976.818848	-261.55249	1690.876465	176.062302	1916.282837	599.577393	1819.978882	961.871399	1582.657349	991.581055	6.011533	-0.747166	41.471489	0.194075	-0.980932	-0.010318	0.980938	0.194159	-0.007857	0.00971	-0.008596	0.999916
TrackerOperationMode_Track	37.256615	-6.011635	-1503.560425	1976.808594	-261.551086	1690.896362	176.107727	1916.245605	599.543762	1820.046387	961.851013	1582.700195	991.53949	6.003711	-0.749761	41.459648	0.194274	-0.980892	-0.010436	0.9809	0.194358	-0.007775	0.009655	-0.008726	0.999915
TrackerOperationMode_Track	37.25663	-6.011604	-1503.567871	1976.817627	-261.551025	1690.88147	176.013474	1916.30957	599.62323	1819.972046	961.868652	1582.643311	991.578003	6.026906	-0.746014	41.47385	0.194035	-0.980942	-0.010139	0.980945	0.194119	-0.008058	0.009873	-0.008382	0.999916
TrackerOperationMode_Track	37.25663	-6.011604	-1503.55957	1976.806763	-261.549683	1690.939819	176.072556	1916.256836	599.589172	1819.984619	961.903381	1582.648438	991.505859	6.010584	-0.742549	41.460972	0.194264	-0.980895	-0.010264	0.980902	0.194347	-0.007795	0.009641	-0.008553	0.999917
TrackerOperationMode_Track	37.256645	-6.011627	-1503.561279	1976.807983	-261.550537	1690.826294	176.019531	1916.267456	599.631775	1819.9823	961.887878	1582.628174	991.531189	6.032922	-0.749805	41.470997	0.194076	-0.980934	-0.010128	0.980936	0.19416	-0.008181	0.009992	-0.008347	0.999915
TrackerOperationMode_Track	37.25663	-6.011627	-1503.560669	1976.80835	-261.550568	1690.941528	175.963135	1916.322266	599.542419	1819.94812	961.877869	1582.703491	991.569946	6.010298	-0.742971	41.466614	0.194167	-0.980915	-0.010273	0.980921	0.19425	-0.007795	0.009642	-0.008563	0.999917
