rvec[0]	rvec[1]	rvec[2]	Yaw Raw	Pitch Raw	Roll Raw	Yaw Error	Pitch Error	Roll Error	Yaw Comp	Pitch Comp	Roll Comp	fpinfc[0]	fpinfc[1]	fpinfc[2]	fpinfc[3]	fpinfc[4]	fpinfc[5]	fpinfc[6]	fpinfc[7]	fpinfc[8]	fbinft[0]	fbinft[1]	fbinft[2]	fbinft[3]	fbinft[4]	fbinft[5]	fbinft[6]	fbinft[7]	fbinft[8]	Before Comp. X	Before Comp. Y	Before Comp Z.	Retro Normal X	Retro Normal Y	Retro Normal Z	Combo angle (degree)	Error Lateral	Error Longitudinal	ADM comp in fb X	ADM comp in fb Y	ADM comp in fb Z	Tracker Timestamp	Camera Timestamp	Trigger Counter	Operation Mode	AZ	EL	X	Y	Z	CX1	CY1	CX2	CY2	CX3	CY3	CX4	CY4	CX5	CY5	CX6	CY6	CX7	CY7	CX8	CY8	CX9	CY9	CX10	CY10	CX11	CY11	CX12	CY12	CX13	CY13	CX14	CY14	CX15	CY15	CX16	CY16	CX17	CY17	fpinft[0]	fpinft[1]	fpinft[2]	fpinft[3]	fpinft[4]	fpinft[5]	fpinft[6]	fpinft[7]	fpinft[8]	TipX	TipY	TipZ	
0.860413	1.60315	-0.600567	-85.8056	11.9407	37.7493	-0.20573	-0.145569	0.0272093	-85.5999	12.0863	37.7221	0.188415	0.974951	-0.118192	-0.778828	0.07502	-0.622735	-0.59827	0.209384	0.773454	0.998403	0.0564877	-0.000434309	-0.0564894	0.998374	-0.00767606	0	0.00768834	0.99997	243.851	4309.87	33.1899	0.003865	0.999964	-0.007514	85.6019	-47.0589	104.021	-46.0903	-104.021	-9.4987	863002511557	86288566124000	1875	TrackerOperationMode_Track	-3.238327	0.440514	191.962479	4208.690918	22.891701	1734.615723	721.197998	1492.239990	935.707458	1964.175659	949.991943	1730.396973	877.130371	0.000000	0.000000	0.000000	0.000000	0.000000	0.000000	0.000000	0.000000	0.000000	0.000000	0.000000	0.000000	0.000000	0.000000	0.000000	0.000000	0.000000	0.000000	0.000000	0.000000	0.000000	0.000000	0.000000	0.000000	0.000000	0.000000	0.144380	0.977541	-0.153516	-0.783612	0.018216	-0.620983	-0.604240	0.209955	0.768643	198.987320	4259.539062	-42.070435	
0.851369	1.573460	-0.611133	-85.693787	10.193204	37.472294	-0.205988	-0.154785	0.025265	-85.487793	10.347988	37.447029	0.171338	0.980686	-0.094332	-0.782863	0.077392	-0.617362	-0.598138	0.179626	0.781003	0.998403	0.056488	-0.000434	-0.056490	0.998374	-0.007679	0.000000	0.007691	0.999970	243.851578	4309.850586	33.200455	0.003865	0.999964	-0.007514	85.468786	-46.807855	103.514253	-46.110458	-103.514252	-8.049877	863005844704	86288899453000	1882	TrackerOperationMode_Track	-3.238350	0.440659	191.970917	4209.171387	24.354702	1734.638428	721.256836	1492.261475	935.806702	1964.174316	950.120300	1730.331299	877.132751	0.000000	0.000000	0.000000	0.000000	0.000000	0.000000	0.000000	0.000000	0.000000	0.000000	0.000000	0.000000	0.000000	0.000000	0.000000	0.000000	0.000000	0.000000	0.000000	0.000000	0.000000	0.000000	0.000000	0.000000	0.000000	0.000000	0.127102	0.983414	-0.129394	-0.786676	0.020488	-0.617027	-0.604141	0.180216	0.776232	196.961990	4259.678223	-41.060230	
0.851402	1.572403	-0.610996	-85.661751	10.144091	37.470188	-0.205947	-0.154984	0.025205	-85.455811	10.299075	37.444981	0.171262	0.980795	-0.093328	-0.782830	0.077951	-0.617334	-0.598203	0.178786	0.781146	0.998403	0.056490	-0.000435	-0.056492	0.998374	-0.007680	0.000000	0.007693	0.999970	243.861694	4309.873535	33.207836	0.003865	0.999964	-0.007514	85.436629	-46.747321	103.392135	-46.057636	-103.392136	-8.000380	863009654244	86289280385000	1890	TrackerOperationMode_Track	-3.238464	0.440758	192.040451	4209.312988	24.412338	1734.762085	721.188293	1492.266235	935.769409	1964.197754	950.083252	1730.382812	877.144714	0.000000	0.000000	0.000000	0.000000	0.000000	0.000000	0.000000	0.000000	0.000000	0.000000	0.000000	0.000000	0.000000	0.000000	0.000000	0.000000	0.000000	0.000000	0.000000	0.000000	0.000000	0.000000	0.000000	0.000000	0.000000	0.000000	0.127027	0.983555	-0.128392	-0.786637	0.021045	-0.617057	-0.604207	0.179381	0.776374	196.947922	4259.819336	-41.009468	
0.851416	1.572384	-0.610903	-85.657402	10.144242	37.473228	-0.205950	-0.154976	0.025203	-85.451454	10.299218	37.448025	0.171328	0.980789	-0.093274	-0.782784	0.078026	-0.617383	-0.598244	0.178789	0.781113	0.998403	0.056489	-0.000435	-0.056491	0.998374	-0.007681	0.000000	0.007693	0.999970	243.855545	4309.850586	33.208931	0.003865	0.999964	-0.007514	85.432312	-46.739198	103.375748	-46.049606	-103.375748	-7.999156	863012987392	86289613701000	1897	TrackerOperationMode_Track	-3.238396	0.440773	192.043365	4209.305664	24.414757	1734.789429	721.292603	1492.320801	935.838867	1964.307495	950.186829	1730.324341	877.145386	0.000000	0.000000	0.000000	0.000000	0.000000	0.000000	0.000000	0.000000	0.000000	0.000000	0.000000	0.000000	0.000000	0.000000	0.000000	0.000000	0.000000	0.000000	0.000000	0.000000	0.000000	0.000000	0.000000	0.000000	0.000000	0.000000	0.127096	0.983552	-0.128340	-0.786594	0.021121	-0.617109	-0.604249	0.179384	0.776341	196.946594	4259.815430	-41.004387	
0.851473	1.572364	-0.610895	-85.655243	10.144821	37.471542	-0.205936	-0.154967	0.025205	-85.449310	10.299788	37.446339	0.171361	0.980784	-0.093264	-0.782795	0.078063	-0.617364	-0.598220	0.178799	0.781130	0.998403	0.056488	-0.000435	-0.056490	0.998374	-0.007681	0.000000	0.007693	0.999970	243.851730	4309.865723	33.211098	0.003865	0.999964	-0.007514	85.430221	-46.735263	103.367812	-46.045647	-103.367813	-7.998963	863016796732	86289994662000	1905	TrackerOperationMode_Track	-3.238335	0.440796	192.044067	4209.328613	24.417135	1734.742432	721.235779	1492.310913	935.774048	1964.264404	950.130493	1730.389771	877.162476	0.000000	0.000000	0.000000	0.000000	0.000000	0.000000	0.000000	0.000000	0.000000	0.000000	0.000000	0.000000	0.000000	0.000000	0.000000	0.000000	0.000000	0.000000	0.000000	0.000000	0.000000	0.000000	0.000000	0.000000	0.000000	0.000000	0.127129	0.983550	-0.128328	-0.786607	0.021158	-0.617091	-0.604225	0.179394	0.776357	196.946335	4259.836914	-41.003380	
0.851465	1.572393	-0.610880	-85.655586	10.146150	37.472519	-0.205940	-0.154961	0.025206	-85.449646	10.301111	37.447311	0.171371	0.980780	-0.093283	-0.782784	0.078056	-0.617378	-0.598231	0.178821	0.781116	0.998403	0.056496	-0.000434	-0.056497	0.998373	-0.007672	0.000000	0.007684	0.999970	243.884766	4309.856445	33.170578	0.003865	0.999964	-0.007514	85.430567	-46.735915	103.369127	-46.046104	-103.369125	-8.000138	863020129879	86290327971000	1912	TrackerOperationMode_Track	-3.238777	0.440254	192.075775	4209.318359	24.376408	1734.714111	721.291565	1492.285522	935.753784	1964.245972	950.073975	1730.395142	877.129272	0.000000	0.000000	0.000000	0.000000	0.000000	0.000000	0.000000	0.000000	0.000000	0.000000	0.000000	0.000000	0.000000	0.000000	0.000000	0.000000	0.000000	0.000000	0.000000	0.000000	0.000000	0.000000	0.000000	0.000000	0.000000	0.000000	0.127134	0.983546	-0.128352	-0.786604	0.021146	-0.617096	-0.604228	0.179416	0.776349	196.980026	4259.827148	-41.043613	
0.851444	1.572322	-0.610959	-85.657356	10.141540	37.469769	-0.205936	-0.154989	0.025203	-85.451416	10.296528	37.444565	0.171295	0.980797	-0.093248	-0.782823	0.078027	-0.617333	-0.598202	0.178743	0.781156	0.998403	0.056487	-0.000434	-0.056489	0.998374	-0.007676	0.000000	0.007688	0.999970	243.847702	4309.858887	33.189236	0.003865	0.999964	-0.007514	85.432271	-46.739120	103.375592	-46.049904	-103.375595	-7.996970	863023939219	86290708900000	1920	TrackerOperationMode_Track	-3.238289	0.440514	192.035416	4209.313965	24.397717	1734.713501	721.262878	1492.324829	935.775635	1964.308716	950.132324	1730.448486	877.099915	0.000000	0.000000	0.000000	0.000000	0.000000	0.000000	0.000000	0.000000	0.000000	0.000000	0.000000	0.000000	0.000000	0.000000	0.000000	0.000000	0.000000	0.000000	0.000000	0.000000	0.000000	0.000000	0.000000	0.000000	0.000000	0.000000	0.127062	0.983561	-0.128309	-0.786634	0.021124	-0.617058	-0.604203	0.179337	0.776387	196.936035	4259.819824	-41.024929	
0.851390	1.572318	-0.610882	-85.655556	10.140564	37.474483	-0.205955	-0.154993	0.025197	-85.449600	10.295557	37.449284	0.171318	0.980798	-0.093201	-0.782768	0.078059	-0.617399	-0.598269	0.178726	0.781109	0.998403	0.056485	-0.000435	-0.056486	0.998374	-0.007682	0.000000	0.007695	0.999970	243.836044	4309.851074	33.216965	0.003865	0.999964	-0.007514	85.430428	-46.735653	103.368598	-46.046623	-103.368599	-7.995620	863027272567	86291042232000	1927	TrackerOperationMode_Track	-3.238144	0.440880	192.027695	4209.312988	24.426189	1734.748291	721.403992	1492.320190	935.725891	1964.253784	950.134521	1730.399292	877.108215	0.000000	0.000000	0.000000	0.000000	0.000000	0.000000	0.000000	0.000000	0.000000	0.000000	0.000000	0.000000	0.000000	0.000000	0.000000	0.000000	0.000000	0.000000	0.000000	0.000000	0.000000	0.000000	0.000000	0.000000	0.000000	0.000000	0.127090	0.983563	-0.128265	-0.786575	0.021157	-0.617131	-0.604274	0.179321	0.776335	196.924652	4259.824707	-40.992146	
0.851476	1.572403	-0.610917	-85.656975	10.146614	37.470825	-0.205935	-0.154961	0.025208	-85.451035	10.301575	37.445618	0.171355	0.980781	-0.093309	-0.782806	0.078033	-0.617353	-0.598207	0.178829	0.781133	0.998404	0.056482	-0.000434	-0.056483	0.998374	-0.007680	0.000000	0.007692	0.999970	243.825043	4309.859863	33.205681	0.003865	0.999964	-0.007514	85.431953	-46.738522	103.374386	-46.048607	-103.374390	-8.000941	863031081907	86291423158000	1935	TrackerOperationMode_Track	-3.237984	0.440727	192.014664	4209.315918	24.409813	1734.708984	721.224060	1492.302979	935.797058	1964.346924	950.146057	1730.377930	877.138367	0.000000	0.000000	0.000000	0.000000	0.000000	0.000000	0.000000	0.000000	0.000000	0.000000	0.000000	0.000000	0.000000	0.000000	0.000000	0.000000	0.000000	0.000000	0.000000	0.000000	0.000000	0.000000	0.000000	0.000000	0.000000	0.000000	0.127127	0.983545	-0.128369	-0.786618	0.021134	-0.617078	-0.604211	0.179424	0.776361	196.920303	4259.823242	-41.011200	
0.851460	1.572373	-0.610922	-85.656822	10.144707	37.470943	-0.205937	-0.154971	0.025205	-85.450882	10.299678	37.445736	0.171337	0.980787	-0.093281	-0.782806	0.078036	-0.617353	-0.598212	0.178797	0.781136	0.998404	0.056479	-0.000434	-0.056481	0.998374	-0.007680	0.000000	0.007692	0.999970	243.814789	4309.859375	33.206364	0.003865	0.999964	-0.007514	85.431779	-46.738195	103.373726	-46.048550	-103.373726	-7.999357	863034415054	86291756472000	1942	TrackerOperationMode_Track	-3.237846	0.440735	192.004745	4209.315918	24.412071	1734.848755	721.229675	1492.387695	935.674133	1964.273682	950.059570	1730.409790	877.070801	0.000000	0.000000	0.000000	0.000000	0.000000	0.000000	0.000000	0.000000	0.000000	0.000000	0.000000	0.000000	0.000000	0.000000	0.000000	0.000000	0.000000	0.000000	0.000000	0.000000	0.000000	0.000000	0.000000	0.000000	0.000000	0.000000	0.127111	0.983551	-0.128339	-0.786617	0.021140	-0.617080	-0.604216	0.179392	0.776364	196.907928	4259.823242	-41.009033	
0.851445	1.572291	-0.610967	-85.656898	10.140052	37.469219	-0.205934	-0.154996	0.025201	-85.450958	10.295048	37.444019	0.171285	0.980801	-0.093224	-0.782829	0.078035	-0.617324	-0.598198	0.178717	0.781166	0.998404	0.056481	-0.000434	-0.056483	0.998374	-0.007678	0.000000	0.007690	0.999970	243.821609	4309.860352	33.198719	0.003865	0.999964	-0.007514	85.431805	-46.738243	103.373822	-46.049248	-103.373825	-7.995629	863037748202	86292089797000	1949	TrackerOperationMode_Track	-3.237946	0.440636	192.010681	4209.316895	24.408333	1734.691162	721.165588	1492.275879	935.674072	1964.218872	950.076965	1730.355225	877.035400	0.000000	0.000000	0.000000	0.000000	0.000000	0.000000	0.000000	0.000000	0.000000	0.000000	0.000000	0.000000	0.000000	0.000000	0.000000	0.000000	0.000000	0.000000	0.000000	0.000000	0.000000	0.000000	0.000000	0.000000	0.000000	0.000000	0.127056	0.983565	-0.128282	-0.786638	0.021138	-0.617053	-0.604200	0.179312	0.776395	196.909012	4259.822266	-41.014832	
0.851463	1.572468	-0.610857	-85.656540	10.149856	37.473938	-0.205945	-0.154944	0.025209	-85.450600	10.304799	37.448730	0.171399	0.980770	-0.093339	-0.782769	0.078039	-0.617400	-0.598243	0.178885	0.781092	0.998403	0.056484	-0.000434	-0.056486	0.998374	-0.007680	0.000000	0.007692	0.999970	243.833771	4309.851562	33.206245	0.003865	0.999964	-0.007514	85.431542	-46.737748	103.372824	-46.047394	-103.372826	-8.003416	863041557742	86292470736000	1957	TrackerOperationMode_Track	-3.238106	0.440735	192.024475	4209.309082	24.407902	1734.538574	721.132263	1492.044189	935.716614	1964.159668	950.046631	1730.174438	877.115295	0.000000	0.000000	0.000000	0.000000	0.000000	0.000000	0.000000	0.000000	0.000000	0.000000	0.000000	0.000000	0.000000	0.000000	0.000000	0.000000	0.000000	0.000000	0.000000	0.000000	0.000000	0.000000	0.000000	0.000000	0.000000	0.000000	0.127172	0.983535	-0.128402	-0.786583	0.021139	-0.617122	-0.604247	0.179480	0.776320	196.932968	4259.820312	-41.010075	
0.851481	1.572488	-0.610789	-85.654037	10.151804	37.476105	-0.205947	-0.154929	0.025209	-85.448090	10.306733	37.450893	0.171457	0.980761	-0.093332	-0.782736	0.078082	-0.617436	-0.598269	0.178918	0.781065	0.998403	0.056494	-0.000435	-0.056496	0.998373	-0.007681	0.000000	0.007693	0.999970	243.879822	4309.856934	33.209961	0.003865	0.999964	-0.007514	85.429080	-46.733116	103.363480	-46.042553	-103.363480	-8.004212	863045367082	86292851670000	1965	TrackerOperationMode_Track	-3.238716	0.440781	192.074814	4209.324219	24.410810	1734.678711	721.305725	1492.206909	935.690735	1964.144897	950.025269	1730.300659	877.099609	0.000000	0.000000	0.000000	0.000000	0.000000	0.000000	0.000000	0.000000	0.000000	0.000000	0.000000	0.000000	0.000000	0.000000	0.000000	0.000000	0.000000	0.000000	0.000000	0.000000	0.000000	0.000000	0.000000	0.000000	0.000000	0.000000	0.127223	0.983528	-0.128404	-0.786555	0.021171	-0.617158	-0.604273	0.179513	0.776292	196.983490	4259.837891	-41.005043	
0.851441	1.572439	-0.610854	-85.656242	10.147933	37.474621	-0.205950	-0.154954	0.025206	-85.450294	10.302887	37.449417	0.171385	0.980776	-0.093307	-0.782762	0.078045	-0.617408	-0.598256	0.178852	0.781090	0.998403	0.056487	-0.000435	-0.056488	0.998374	-0.007682	0.000000	0.007694	0.999970	243.846115	4309.866211	33.214943	0.003865	0.999964	-0.007514	85.431207	-46.737118	103.371553	-46.047039	-103.371552	-8.001771	863048700229	86293185002000	1972	TrackerOperationMode_Track	-3.238258	0.440849	192.036987	4209.325195	24.418049	1734.763428	721.296875	1492.272339	935.746887	1964.232910	950.121887	1730.392456	877.140747	0.000000	0.000000	0.000000	0.000000	0.000000	0.000000	0.000000	0.000000	0.000000	0.000000	0.000000	0.000000	0.000000	0.000000	0.000000	0.000000	0.000000	0.000000	0.000000	0.000000	0.000000	0.000000	0.000000	0.000000	0.000000	0.000000	0.127155	0.983540	-0.128373	-0.786575	0.021142	-0.617133	-0.604261	0.179447	0.776316	196.943039	4259.836914	-40.999439	
0.851475	1.572384	-0.610941	-85.657494	10.145509	37.469799	-0.205933	-0.154967	0.025207	-85.451561	10.300477	37.444592	0.171334	0.980785	-0.093303	-0.782820	0.078024	-0.617337	-0.598195	0.178810	0.781146	0.998403	0.056486	-0.000434	-0.056488	0.998374	-0.007678	0.000000	0.007691	0.999970	243.843781	4309.845215	33.198921	0.003865	0.999964	-0.007514	85.432466	-46.739488	103.376334	-46.049713	-103.376335	-8.000214	863052033377	86293518317000	1979	TrackerOperationMode_Track	-3.238243	0.440643	192.031738	4209.299805	24.403919	1734.500854	721.159180	1492.146484	935.713562	1964.198120	950.080139	1730.305908	877.074280	0.000000	0.000000	0.000000	0.000000	0.000000	0.000000	0.000000	0.000000	0.000000	0.000000	0.000000	0.000000	0.000000	0.000000	0.000000	0.000000	0.000000	0.000000	0.000000	0.000000	0.000000	0.000000	0.000000	0.000000	0.000000	0.000000	0.127102	0.983549	-0.128364	-0.786632	0.021121	-0.617061	-0.604198	0.179405	0.776375	196.936981	4259.805664	-41.018177	
0.851408	1.572426	-0.610843	-85.656281	10.146516	37.476089	-0.205958	-0.154963	0.025203	-85.450325	10.301479	37.450886	0.171372	0.980780	-0.093284	-0.782748	0.078045	-0.617426	-0.598279	0.178828	0.781078	0.998403	0.056483	-0.000435	-0.056485	0.998374	-0.007682	0.000000	0.007694	0.999970	243.832123	4309.872559	33.215561	0.003865	0.999964	-0.007514	85.431209	-46.737123	103.371563	-46.047237	-103.371567	-8.000639	863055842917	86293899255000	1987	TrackerOperationMode_Track	-3.238075	0.440857	192.023102	4209.331543	24.419785	1734.699219	721.350281	1492.209595	935.746887	1964.216187	950.080933	1730.287842	877.085571	0.000000	0.000000	0.000000	0.000000	0.000000	0.000000	0.000000	0.000000	0.000000	0.000000	0.000000	0.000000	0.000000	0.000000	0.000000	0.000000	0.000000	0.000000	0.000000	0.000000	0.000000	0.000000	0.000000	0.000000	0.000000	0.000000	0.127146	0.983545	-0.128349	-0.786559	0.021145	-0.617153	-0.604284	0.179423	0.776304	196.927139	4259.845215	-40.996559	
0.851476	1.572481	-0.610826	-85.655418	10.151061	37.474766	-0.205945	-0.154936	0.025210	-85.449478	10.305997	37.449554	0.171428	0.980765	-0.093341	-0.782756	0.078058	-0.617414	-0.598252	0.178905	0.781081	0.998403	0.056487	-0.000435	-0.056488	0.998374	-0.007683	0.000000	0.007695	0.999970	243.846680	4309.858398	33.219700	0.003865	0.999964	-0.007514	85.430447	-46.735689	103.368670	-46.045193	-103.368668	-8.004043	863059176064	86294232640000	1994	TrackerOperationMode_Track	-3.238274	0.440910	192.039520	4209.320312	24.420444	1734.720337	721.300354	1492.270752	935.739075	1964.220581	950.076477	1730.321045	877.151733	0.000000	0.000000	0.000000	0.000000	0.000000	0.000000	0.000000	0.000000	0.000000	0.000000	0.000000	0.000000	0.000000	0.000000	0.000000	0.000000	0.000000	0.000000	0.000000	0.000000	0.000000	0.000000	0.000000	0.000000	0.000000	0.000000	0.127199	0.983530	-0.128407	-0.786570	0.021155	-0.617139	-0.604258	0.179501	0.776306	196.948425	4259.832520	-40.996532	
0.851522	1.572306	-0.611006	-85.656960	10.142474	37.465271	-0.205913	-0.154980	0.025208	-85.451050	10.297455	37.440063	0.171302	0.980794	-0.093270	-0.782870	0.078033	-0.617273	-0.598139	0.178759	0.781201	0.998403	0.056487	-0.000434	-0.056488	0.998374	-0.007675	0.000000	0.007688	0.999970	243.846390	4309.874512	33.187138	0.003865	0.999964	-0.007514	85.431958	-46.738531	103.374403	-46.049194	-103.374405	-7.997613	863062985404	86294613504000	2002	TrackerOperationMode_Track	-3.238258	0.440475	192.034943	4209.331055	24.395054	1734.821533	721.005554	1492.380859	935.686035	1964.314941	950.092407	1730.472046	877.067810	0.000000	0.000000	0.000000	0.000000	0.000000	0.000000	0.000000	0.000000	0.000000	0.000000	0.000000	0.000000	0.000000	0.000000	0.000000	0.000000	0.000000	0.000000	0.000000	0.000000	0.000000	0.000000	0.000000	0.000000	0.000000	0.000000	0.127067	0.983558	-0.128328	-0.786682	0.021131	-0.616996	-0.604140	0.179353	0.776432	196.937103	4259.831543	-41.031422	
0.851494	1.572308	-0.611027	-85.658485	10.141706	37.465382	-0.205918	-0.154988	0.025207	-85.452576	10.296694	37.440174	0.171274	0.980798	-0.093276	-0.782874	0.078007	-0.617271	-0.598142	0.178745	0.781202	0.998403	0.056484	-0.000435	-0.056486	0.998374	-0.007681	0.000000	0.007693	0.999970	243.835052	4309.874023	33.208828	0.003865	0.999964	-0.007514	85.433447	-46.741333	103.380056	-46.052067	-103.380058	-7.997462	863066318551	86294946836000	2009	TrackerOperationMode_Track	-3.238106	0.440773	192.020676	4209.324707	24.416313	1734.539429	721.086426	1492.267578	935.673889	1964.191772	950.061096	1730.280029	877.038696	0.000000	0.000000	0.000000	0.000000	0.000000	0.000000	0.000000	0.000000	0.000000	0.000000	0.000000	0.000000	0.000000	0.000000	0.000000	0.000000	0.000000	0.000000	0.000000	0.000000	0.000000	0.000000	0.000000	0.000000	0.000000	0.000000	0.127041	0.983561	-0.128332	-0.786681	0.021107	-0.616999	-0.604147	0.179340	0.776430	196.923157	4259.825684	-41.009880	
0.851532	1.572563	-0.610755	-85.653374	10.156977	37.476143	-0.205940	-0.154900	0.025216	-85.447433	10.311875	37.450924	0.171520	0.980744	-0.093394	-0.782730	0.078092	-0.617443	-0.598260	0.179006	0.781052	0.998403	0.056485	-0.000434	-0.056486	0.998374	-0.007679	0.000000	0.007692	0.999970	243.837479	4309.867188	33.204021	0.003865	0.999964	-0.007514	85.428503	-46.732031	103.361291	-46.040764	-103.361290	-8.008180	863070127891	86295327763000	2017	TrackerOperationMode_Track	-3.238152	0.440704	192.035370	4209.335938	24.401058	1734.853638	721.375793	1492.411621	935.763489	1964.160645	950.035828	1730.319580	877.145325	0.000000	0.000000	0.000000	0.000000	0.000000	0.000000	0.000000	0.000000	0.000000	0.000000	0.000000	0.000000	0.000000	0.000000	0.000000	0.000000	0.000000	0.000000	0.000000	0.000000	0.000000	0.000000	0.000000	0.000000	0.000000	0.000000	0.127293	0.983511	-0.128461	-0.786551	0.021191	-0.617161	-0.604263	0.179602	0.776280	196.948868	4259.849609	-41.014294	
0.851432	1.572342	-0.610963	-85.658279	10.142177	37.470154	-0.205940	-0.154988	0.025203	-85.452339	10.297164	37.444950	0.171290	0.980796	-0.093265	-0.782821	0.078011	-0.617337	-0.598206	0.178754	0.781151	0.998403	0.056483	-0.000435	-0.056485	0.998374	-0.007682	0.000000	0.007694	0.999970	243.831589	4309.851074	33.214394	0.003865	0.999964	-0.007514	85.433185	-46.740841	103.379063	-46.051514	-103.379066	-7.997767	863073461239	86295661095000	2024	TrackerOperationMode_Track	-3.238083	0.440842	192.017868	4209.302734	24.421459	1734.782593	721.220215	1492.368286	935.695374	1964.232910	950.100586	1730.322632	877.066833	0.000000	0.000000	0.000000	0.000000	0.000000	0.000000	0.000000	0.000000	0.000000	0.000000	0.000000	0.000000	0.000000	0.000000	0.000000	0.000000	0.000000	0.000000	0.000000	0.000000	0.000000	0.000000	0.000000	0.000000	0.000000	0.000000	0.127060	0.983559	-0.128325	-0.786628	0.021111	-0.617066	-0.604212	0.179348	0.776378	196.919800	4259.809082	-41.000492	
0.851422	1.572225	-0.611006	-85.657310	10.135989	37.468105	-0.205934	-0.155018	0.025197	-85.451370	10.291007	37.442909	0.171236	0.980814	-0.093177	-0.782845	0.078029	-0.617304	-0.598190	0.178648	0.781187	0.998403	0.056487	-0.000435	-0.056489	0.998374	-0.007680	0.000000	0.007692	0.999970	243.847595	4309.851074	33.207527	0.003865	0.999964	-0.007514	85.432162	-46.738916	103.375180	-46.050476	-103.375183	-7.992482	863076794386	86295994402000	2031	TrackerOperationMode_Track	-3.238289	0.440750	192.034760	4209.306641	24.420071	1734.614990	721.168823	1492.224365	935.670227	1964.227173	950.071350	1730.398682	877.059204	0.000000	0.000000	0.000000	0.000000	0.000000	0.000000	0.000000	0.000000	0.000000	0.000000	0.000000	0.000000	0.000000	0.000000	0.000000	0.000000	0.000000	0.000000	0.000000	0.000000	0.000000	0.000000	0.000000	0.000000	0.000000	0.000000	0.127002	0.983578	-0.128238	-0.786651	0.021126	-0.617037	-0.604195	0.179243	0.776416	196.929321	4259.810547	-41.004383	
0.851394	1.572307	-0.610933	-85.657135	10.139735	37.472359	-0.205950	-0.155000	0.025198	-85.451187	10.294735	37.447163	0.171284	0.980802	-0.093213	-0.782796	0.078032	-0.617367	-0.598241	0.178712	0.781134	0.998403	0.056485	-0.000435	-0.056487	0.998374	-0.007682	0.000000	0.007694	0.999970	243.838913	4309.858887	33.213879	0.003865	0.999964	-0.007514	85.431997	-46.738604	103.374551	-46.049648	-103.374550	-7.995442	863080603726	86296375347000	2039	TrackerOperationMode_Track	-3.238167	0.440842	192.027161	4209.314941	24.423304	1734.805176	721.254150	1492.316772	935.690247	1964.262329	950.110168	1730.344360	877.100586	0.000000	0.000000	0.000000	0.000000	0.000000	0.000000	0.000000	0.000000	0.000000	0.000000	0.000000	0.000000	0.000000	0.000000	0.000000	0.000000	0.000000	0.000000	0.000000	0.000000	0.000000	0.000000	0.000000	0.000000	0.000000	0.000000	0.127054	0.983566	-0.128276	-0.786603	0.021130	-0.617098	-0.604246	0.179307	0.776360	196.924957	4259.823730	-40.996994	
0.851491	1.572289	-0.610992	-85.656731	10.140968	37.466709	-0.205921	-0.154989	0.025205	-85.450813	10.295957	37.441505	0.171293	0.980798	-0.093243	-0.782855	0.078038	-0.617291	-0.598162	0.178733	0.781190	0.998403	0.056486	-0.000435	-0.056488	0.998374	-0.007681	0.000000	0.007693	0.999970	243.843979	4309.858887	33.209999	0.003865	0.999964	-0.007514	85.431689	-46.738026	103.373385	-46.048908	-103.373383	-7.996324	863083936874	86296708659000	2046	TrackerOperationMode_Track	-3.238235	0.440781	192.032913	4209.316406	24.418661	1734.719849	721.022766	1492.282593	935.703857	1964.180420	950.051025	1730.293579	877.078125	0.000000	0.000000	0.000000	0.000000	0.000000	0.000000	0.000000	0.000000	0.000000	0.000000	0.000000	0.000000	0.000000	0.000000	0.000000	0.000000	0.000000	0.000000	0.000000	0.000000	0.000000	0.000000	0.000000	0.000000	0.000000	0.000000	0.127059	0.983562	-0.128302	-0.786663	0.021135	-0.617021	-0.604167	0.179328	0.776418	196.932877	4259.818848	-41.006454	
0.851487	1.572315	-0.610970	-85.656616	10.142247	37.467892	-0.205925	-0.154982	0.025205	-85.450691	10.297229	37.442684	0.171309	0.980794	-0.093255	-0.782841	0.078039	-0.617309	-0.598175	0.178755	0.781174	0.998403	0.056486	-0.000435	-0.056487	0.998374	-0.007681	0.000000	0.007693	0.999970	243.841934	4309.866699	33.209049	0.003865	0.999964	-0.007514	85.431582	-46.737825	103.372979	-46.048531	-103.372978	-7.997318	863087746414	86297089594000	2054	TrackerOperationMode_Track	-3.238205	0.440773	192.031311	4209.324219	24.416733	1734.670898	721.218323	1492.357788	935.767334	1964.288696	950.128540	1730.410034	877.147400	0.000000	0.000000	0.000000	0.000000	0.000000	0.000000	0.000000	0.000000	0.000000	0.000000	0.000000	0.000000	0.000000	0.000000	0.000000	0.000000	0.000000	0.000000	0.000000	0.000000	0.000000	0.000000	0.000000	0.000000	0.000000	0.000000	0.127076	0.983558	-0.128315	-0.786650	0.021137	-0.617037	-0.604180	0.179350	0.776402	196.932388	4259.828125	-41.007233	
0.851424	1.572300	-0.610909	-85.655350	10.140390	37.472233	-0.205944	-0.154992	0.025199	-85.449402	10.295382	37.447033	0.171315	0.980798	-0.093203	-0.782791	0.078062	-0.617369	-0.598238	0.178723	0.781133	0.998403	0.056487	-0.000435	-0.056489	0.998374	-0.007681	0.000000	0.007693	0.999970	243.848740	4309.872070	33.211754	0.003865	0.999964	-0.007514	85.430250	-46.735317	103.367921	-46.046318	-103.367920	-7.995419	863091079561	86297422922000	2061	TrackerOperationMode_Track	-3.238289	0.440804	192.040466	4209.334961	24.421322	1734.757080	721.286987	1492.302856	935.702454	1964.224487	950.075378	1730.387939	877.072998	0.000000	0.000000	0.000000	0.000000	0.000000	0.000000	0.000000	0.000000	0.000000	0.000000	0.000000	0.000000	0.000000	0.000000	0.000000	0.000000	0.000000	0.000000	0.000000	0.000000	0.000000	0.000000	0.000000	0.000000	0.000000	0.000000	0.127084	0.983564	-0.128267	-0.786601	0.021158	-0.617100	-0.604243	0.179318	0.776361	196.937592	4259.843750	-40.999058	
0.851427	1.572340	-0.610903	-85.656029	10.142428	37.472588	-0.205945	-0.154983	0.025201	-85.450089	10.297411	37.447388	0.171327	0.980792	-0.093237	-0.782788	0.078050	-0.617374	-0.598239	0.178758	0.781125	0.998403	0.056488	-0.000435	-0.056490	0.998374	-0.007682	0.000000	0.007694	0.999970	243.853821	4309.873535	33.215576	0.003865	0.999964	-0.007514	85.430947	-46.736630	103.370568	-46.047329	-103.370567	-7.997272	863094412709	86297756234000	2068	TrackerOperationMode_Track	-3.238358	0.440857	192.044281	4209.333496	24.423174	1734.680542	721.257935	1492.243408	935.710144	1964.229248	950.108154	1730.336548	877.098999	0.000000	0.000000	0.000000	0.000000	0.000000	0.000000	0.000000	0.000000	0.000000	0.000000	0.000000	0.000000	0.000000	0.000000	0.000000	0.000000	0.000000	0.000000	0.000000	0.000000	0.000000	0.000000	0.000000	0.000000	0.000000	0.000000	0.127095	0.983558	-0.128302	-0.786597	0.021145	-0.617104	-0.604244	0.179353	0.776351	196.944321	4259.842773	-40.996628	
0.851464	1.572392	-0.610892	-85.656029	10.145949	37.472088	-0.205939	-0.154963	0.025206	-85.450096	10.300912	37.446880	0.171363	0.980782	-0.093286	-0.782790	0.078049	-0.617371	-0.598226	0.178818	0.781121	0.998403	0.056488	-0.000435	-0.056489	0.998374	-0.007680	0.000000	0.007693	0.999970	243.849838	4309.858398	33.208202	0.003865	0.999964	-0.007514	85.431006	-46.736739	103.370789	-46.046944	-103.370789	-8.000114	863098222048	86298137177000	2076	TrackerOperationMode_Track	-3.238319	0.440765	192.040741	4209.318359	24.413120	1734.699829	721.281311	1492.294800	935.786438	1964.231079	950.094299	1730.327881	877.126831	0.000000	0.000000	0.000000	0.000000	0.000000	0.000000	0.000000	0.000000	0.000000	0.000000	0.000000	0.000000	0.000000	0.000000	0.000000	0.000000	0.000000	0.000000	0.000000	0.000000	0.000000	0.000000	0.000000	0.000000	0.000000	0.000000	0.127131	0.983547	-0.128350	-0.786603	0.021145	-0.617097	-0.604230	0.179413	0.776349	196.944870	4259.827148	-41.006832	
0.851402	1.572368	-0.610857	-85.655518	10.143431	37.475388	-0.205956	-0.154978	0.025200	-85.449562	10.298409	37.450188	0.171349	0.980789	-0.093236	-0.782755	0.078059	-0.617415	-0.598275	0.178775	0.781093	0.998403	0.056486	-0.000435	-0.056488	0.998374	-0.007681	0.000000	0.007693	0.999970	243.842270	4309.858887	33.208702	0.003865	0.999964	-0.007514	85.430420	-46.735637	103.368566	-46.046207	-103.368568	-7.997916	863101555396	86298470522000	2083	TrackerOperationMode_Track	-3.238220	0.440773	192.034195	4209.320801	24.415821	1734.798096	721.346741	1492.282104	935.718079	1964.239014	950.099854	1730.386719	877.093201	0.000000	0.000000	0.000000	0.000000	0.000000	0.000000	0.000000	0.000000	0.000000	0.000000	0.000000	0.000000	0.000000	0.000000	0.000000	0.000000	0.000000	0.000000	0.000000	0.000000	0.000000	0.000000	0.000000	0.000000	0.000000	0.000000	0.127121	0.983554	-0.128302	-0.786566	0.021156	-0.617143	-0.604279	0.179370	0.776320	196.934296	4259.833496	-41.001537	
0.851498	1.572348	-0.610933	-85.655754	10.144443	37.469105	-0.205926	-0.154969	0.025207	-85.449837	10.299412	37.443901	0.171346	0.980786	-0.093272	-0.782823	0.078054	-0.617329	-0.598188	0.178792	0.781156	0.998403	0.056485	-0.000434	-0.056487	0.998374	-0.007680	0.000000	0.007692	0.999970	243.841064	4309.858887	33.204700	0.003865	0.999964	-0.007514	85.430754	-46.736266	103.369835	-46.046688	-103.369835	-7.998822	863105364736	86298851430000	2091	TrackerOperationMode_Track	-3.238197	0.440712	192.032471	4209.319824	24.411015	1734.818726	721.192932	1492.406494	935.674194	1964.288452	950.035095	1730.398682	877.046997	0.000000	0.000000	0.000000	0.000000	0.000000	0.000000	0.000000	0.000000	0.000000	0.000000	0.000000	0.000000	0.000000	0.000000	0.000000	0.000000	0.000000	0.000000	0.000000	0.000000	0.000000	0.000000	0.000000	0.000000	0.000000	0.000000	0.127114	0.983551	-0.128332	-0.786635	0.021152	-0.617056	-0.604191	0.179387	0.776385	196.935074	4259.825195	-41.011730	
0.851378	1.572138	-0.611098	-85.659737	10.129908	37.465500	-0.205934	-0.155055	0.025192	-85.453804	10.284962	37.440308	0.171135	0.980836	-0.093129	-0.782886	0.077989	-0.617258	-0.598166	0.178544	0.781229	0.998403	0.056487	-0.000435	-0.056489	0.998374	-0.007681	0.000000	0.007693	0.999970	243.847565	4309.851074	33.210800	0.003865	0.999964	-0.007514	85.434497	-46.743309	103.384043	-46.055656	-103.384041	-7.988328	863108697883	86299184756000	2098	TrackerOperationMode_Track	-3.238289	0.440796	192.029053	4209.298340	24.427349	1734.626587	721.078979	1492.212036	935.712219	1964.230713	950.096008	1730.321655	877.002258	0.000000	0.000000	0.000000	0.000000	0.000000	0.000000	0.000000	0.000000	0.000000	0.000000	0.000000	0.000000	0.000000	0.000000	0.000000	0.000000	0.000000	0.000000	0.000000	0.000000	0.000000	0.000000	0.000000	0.000000	0.000000	0.000000	0.126899	0.983598	-0.128187	-0.786685	0.021085	-0.616994	-0.604171	0.179139	0.776457	196.919266	4259.798828	-40.999958	
0.851384	1.572221	-0.610936	-85.655373	10.135292	37.472073	-0.205948	-0.155020	0.025193	-85.449425	10.290312	37.446880	0.171261	0.980814	-0.093135	-0.782797	0.078063	-0.617361	-0.598246	0.178636	0.781147	0.998403	0.056487	-0.000435	-0.056489	0.998374	-0.007683	0.000000	0.007696	0.999970	243.851013	4309.881348	33.221348	0.003865	0.999964	-0.007514	85.430202	-46.735227	103.367739	-46.046936	-103.367737	-7.991317	863112031031	86299518075000	2105	TrackerOperationMode_Track	-3.238312	0.440933	192.042099	4209.344238	24.434784	1734.703979	721.255310	1492.223999	935.680054	1964.212646	950.095154	1730.385864	877.079041	0.000000	0.000000	0.000000	0.000000	0.000000	0.000000	0.000000	0.000000	0.000000	0.000000	0.000000	0.000000	0.000000	0.000000	0.000000	0.000000	0.000000	0.000000	0.000000	0.000000	0.000000	0.000000	0.000000	0.000000	0.000000	0.000000	0.127030	0.983579	-0.128199	-0.786602	0.021158	-0.617098	-0.604252	0.179231	0.776373	196.933472	4259.853027	-40.986145	
0.851447	1.572354	-0.610916	-85.656395	10.143504	37.471508	-0.205940	-0.154977	0.025203	-85.450462	10.298481	37.446304	0.171331	0.980790	-0.093259	-0.782800	0.078043	-0.617360	-0.598222	0.178776	0.781133	0.998403	0.056488	-0.000435	-0.056490	0.998374	-0.007682	0.000000	0.007694	0.999970	243.851868	4309.865723	33.214333	0.003865	0.999964	-0.007514	85.431341	-46.737371	103.372064	-46.047905	-103.372063	-7.998257	863115840371	86299899020000	2113	TrackerOperationMode_Track	-3.238342	0.440842	192.041687	4209.324219	24.420961	1734.708496	721.370544	1492.367554	935.765564	1964.364868	950.132080	1730.446411	877.108582	0.000000	0.000000	0.000000	0.000000	0.000000	0.000000	0.000000	0.000000	0.000000	0.000000	0.000000	0.000000	0.000000	0.000000	0.000000	0.000000	0.000000	0.000000	0.000000	0.000000	0.000000	0.000000	0.000000	0.000000	0.000000	0.000000	0.127099	0.983554	-0.128323	-0.786610	0.021138	-0.617089	-0.604228	0.179371	0.776360	196.943466	4259.832520	-40.999680	
0.851530	1.572497	-0.610894	-85.657158	10.152736	37.470444	-0.205928	-0.154928	0.025216	-85.451225	10.307663	37.445229	0.171415	0.980762	-0.093395	-0.782806	0.078028	-0.617354	-0.598190	0.178934	0.781122	0.998403	0.056485	-0.000435	-0.056486	0.998374	-0.007683	0.000000	0.007695	0.999970	243.837646	4309.858887	33.218582	0.003865	0.999964	-0.007514	85.432229	-46.739041	103.375431	-46.048267	-103.375435	-8.005935	863119173718	86300232330000	2120	TrackerOperationMode_Track	-3.238159	0.440903	192.027237	4209.313965	24.417397	1734.727905	721.255798	1492.407349	935.759216	1964.329712	950.100159	1730.329468	877.101624	0.000000	0.000000	0.000000	0.000000	0.000000	0.000000	0.000000	0.000000	0.000000	0.000000	0.000000	0.000000	0.000000	0.000000	0.000000	0.000000	0.000000	0.000000	0.000000	0.000000	0.000000	0.000000	0.000000	0.000000	0.000000	0.000000	0.127184	0.983526	-0.128457	-0.786620	0.021126	-0.617076	-0.604196	0.179529	0.776348	196.940277	4259.821289	-41.003151	
0.851505	1.572477	-0.610901	-85.657509	10.151097	37.470898	-0.205932	-0.154938	0.025213	-85.451584	10.306035	37.445683	0.171394	0.980768	-0.093375	-0.782804	0.078022	-0.617358	-0.598200	0.178906	0.781121	0.998403	0.056484	-0.000435	-0.056486	0.998374	-0.007684	0.000000	0.007696	0.999970	243.835342	4309.858887	33.224369	0.003865	0.999964	-0.007514	85.432552	-46.739650	103.376660	-46.049099	-103.376663	-8.004724	863122983058	86300613265000	2128	TrackerOperationMode_Track	-3.238121	0.440971	192.024109	4209.312988	24.424263	1734.593018	721.216492	1492.253662	935.734619	1964.326782	950.131409	1730.374634	877.131470	0.000000	0.000000	0.000000	0.000000	0.000000	0.000000	0.000000	0.000000	0.000000	0.000000	0.000000	0.000000	0.000000	0.000000	0.000000	0.000000	0.000000	0.000000	0.000000	0.000000	0.000000	0.000000	0.000000	0.000000	0.000000	0.000000	0.127164	0.983531	-0.128437	-0.786615	0.021121	-0.617082	-0.604207	0.179501	0.776347	196.935471	4259.820801	-40.996010	
0.851489	1.572419	-0.610925	-85.657379	10.147659	37.470169	-0.205932	-0.154956	0.025210	-85.451454	10.302615	37.444958	0.171359	0.980778	-0.093330	-0.782814	0.078025	-0.617345	-0.598196	0.178847	0.781137	0.998403	0.056484	-0.000435	-0.056485	0.998374	-0.007680	0.000000	0.007693	0.999970	243.832642	4309.851562	33.208538	0.003865	0.999964	-0.007514	85.432384	-46.739333	103.376022	-46.049263	-103.376022	-8.001912	863126316206	86300946585000	2135	TrackerOperationMode_Track	-3.238098	0.440765	192.021317	4209.306152	24.411617	1734.655762	721.185974	1492.293335	935.665710	1964.215576	950.079834	1730.330688	877.083313	0.000000	0.000000	0.000000	0.000000	0.000000	0.000000	0.000000	0.000000	0.000000	0.000000	0.000000	0.000000	0.000000	0.000000	0.000000	0.000000	0.000000	0.000000	0.000000	0.000000	0.000000	0.000000	0.000000	0.000000	0.000000	0.000000	0.127129	0.983542	-0.128390	-0.786626	0.021125	-0.617069	-0.604200	0.179442	0.776365	196.928741	4259.812988	-41.009823	
0.851411	1.572387	-0.610902	-85.657524	10.144282	37.473434	-0.205951	-0.154976	0.025203	-85.451576	10.299258	37.448231	0.171327	0.980789	-0.093276	-0.782782	0.078024	-0.617386	-0.598247	0.178789	0.781111	0.998404	0.056480	-0.000435	-0.056481	0.998374	-0.007682	0.000000	0.007694	0.999970	243.816284	4309.867676	33.213112	0.003865	0.999964	-0.007514	85.432432	-46.739423	103.376204	-46.049824	-103.376205	-7.999225	863129649353	86301279904000	2142	TrackerOperationMode_Track	-3.237862	0.440826	192.004791	4209.321777	24.418768	1734.635620	721.270081	1492.230103	935.642456	1964.218262	950.132568	1730.301392	877.069702	0.000000	0.000000	0.000000	0.000000	0.000000	0.000000	0.000000	0.000000	0.000000	0.000000	0.000000	0.000000	0.000000	0.000000	0.000000	0.000000	0.000000	0.000000	0.000000	0.000000	0.000000	0.000000	0.000000	0.000000	0.000000	0.000000	0.127103	0.983552	-0.128336	-0.786590	0.021127	-0.617114	-0.604252	0.179384	0.776338	196.907669	4259.832031	-41.000137	
0.851486	1.572377	-0.610970	-85.658157	10.145259	37.468296	-0.205928	-0.154969	0.025209	-85.452225	10.300228	37.443089	0.171320	0.980787	-0.093311	-0.782838	0.078013	-0.617315	-0.598175	0.178806	0.781163	0.998403	0.056482	-0.000435	-0.056484	0.998374	-0.007683	0.000000	0.007695	0.999970	243.828552	4309.875000	33.219639	0.003865	0.999964	-0.007514	85.433128	-46.740733	103.378845	-46.050980	-103.378845	-8.000217	863133458893	86301660842000	2150	TrackerOperationMode_Track	-3.238022	0.440910	192.015488	4209.326660	24.424131	1734.778198	721.279663	1492.434326	935.838745	1964.415649	950.121033	1730.460083	877.109375	0.000000	0.000000	0.000000	0.000000	0.000000	0.000000	0.000000	0.000000	0.000000	0.000000	0.000000	0.000000	0.000000	0.000000	0.000000	0.000000	0.000000	0.000000	0.000000	0.000000	0.000000	0.000000	0.000000	0.000000	0.000000	0.000000	0.127090	0.983549	-0.128369	-0.786646	0.021113	-0.617043	-0.604182	0.179401	0.776389	196.921127	4259.831055	-40.999046	
0.851379	1.572356	-0.610888	-85.656960	10.142053	37.474861	-0.205959	-0.154988	0.025198	-85.451004	10.297040	37.449661	0.171314	0.980795	-0.093235	-0.782766	0.078034	-0.617404	-0.598271	0.178751	0.781102	0.998403	0.056488	-0.000434	-0.056490	0.998374	-0.007679	0.000000	0.007691	0.999970	243.851807	4309.844727	33.201797	0.003865	0.999964	-0.007514	85.431826	-46.738282	103.373902	-46.049007	-103.373901	-7.997250	863136792041	86301994177000	2157	TrackerOperationMode_Track	-3.238358	0.440674	192.040405	4209.301758	24.409721	1734.721191	721.323608	1492.229370	935.676147	1964.152954	950.062500	1730.296265	877.051392	0.000000	0.000000	0.000000	0.000000	0.000000	0.000000	0.000000	0.000000	0.000000	0.000000	0.000000	0.000000	0.000000	0.000000	0.000000	0.000000	0.000000	0.000000	0.000000	0.000000	0.000000	0.000000	0.000000	0.000000	0.000000	0.000000	0.127084	0.983559	-0.128302	-0.786577	0.021130	-0.617131	-0.604274	0.179346	0.776330	196.940399	4259.813477	-41.008316	
0.851396	1.572414	-0.610859	-85.656853	10.145498	37.475765	-0.205959	-0.154970	0.025202	-85.450897	10.300467	37.450562	0.171353	0.980784	-0.093278	-0.782754	0.078035	-0.617420	-0.598277	0.178810	0.781084	0.998404	0.056481	-0.000435	-0.056483	0.998374	-0.007681	0.000000	0.007694	0.999970	243.821945	4309.845703	33.212337	0.003865	0.999964	-0.007514	85.431763	-46.738165	103.373665	-46.048409	-103.373665	-7.999995	863140601381	86302375103000	2165	TrackerOperationMode_Track	-3.237961	0.440819	192.011841	4209.302734	24.417257	1734.802490	721.337585	1492.263062	935.760498	1964.335571	950.121155	1730.369507	877.107849	0.000000	0.000000	0.000000	0.000000	0.000000	0.000000	0.000000	0.000000	0.000000	0.000000	0.000000	0.000000	0.000000	0.000000	0.000000	0.000000	0.000000	0.000000	0.000000	0.000000	0.000000	0.000000	0.000000	0.000000	0.000000	0.000000	0.127128	0.983548	-0.128341	-0.786564	0.021137	-0.617147	-0.604281	0.179405	0.776311	196.915176	4259.815918	-40.999512	
