rvec[0]	rvec[1]	rvec[2]	Yaw Raw	Pitch Raw	Roll Raw	Yaw Error	Pitch Error	Roll Error	Yaw Comp	Pitch Comp	Roll Comp	fpinfc[0]	fpinfc[1]	fpinfc[2]	fpinfc[3]	fpinfc[4]	fpinfc[5]	fpinfc[6]	fpinfc[7]	fpinfc[8]	fbinft[0]	fbinft[1]	fbinft[2]	fbinft[3]	fbinft[4]	fbinft[5]	fbinft[6]	fbinft[7]	fbinft[8]	Before Comp. X	Before Comp. Y	Before Comp Z.	Retro Normal X	Retro Normal Y	Retro Normal Z	Combo angle (degree)	Error Lateral	Error Longitudinal	ADM comp in fb X	ADM comp in fb Y	ADM comp in fb Z	Tracker Timestamp	Camera Timestamp	Trigger Counter	Operation Mode	AZ	EL	X	Y	Z	CX1	CY1	CX2	CY2	CX3	CY3	CX4	CY4	CX5	CY5	CX6	CY6	CX7	CY7	CX8	CY8	CX9	CY9	CX10	CY10	CX11	CY11	CX12	CY12	CX13	CY13	CX14	CY14	CX15	CY15	CX16	CY16	CX17	CY17	fpinft[0]	fpinft[1]	fpinft[2]	fpinft[3]	fpinft[4]	fpinft[5]	fpinft[6]	fpinft[7]	fpinft[8]	TipX	TipY	TipZ	
0.911305	1.61643	-0.574531	-83.9873	14.1213	37.1861	-0.196639	-0.130395	0.0303196	-83.7907	14.2517	37.1558	0.234022	0.963537	-0.129728	-0.776238	0.104832	-0.621663	-0.585396	0.246183	0.772467	0.998421	0.0561702	-0.000448437	-0.056172	0.998389	-0.00797067	0	0.00798327	0.999968	242.528	4310.77	34.47	0.003865	0.999964	-0.007514	83.8864	-43.8902	97.6296	-42.6132	-97.6296	-10.5103	865031693720	86491436544000	3159	TrackerOperationMode_Track	-3.220116	0.457413	194.503235	4215.779297	23.180616	1745.698975	697.153076	1513.030151	927.926636	1958.385864	942.933960	1805.445923	938.953308	0.000000	0.000000	0.000000	0.000000	0.000000	0.000000	0.000000	0.000000	0.000000	0.000000	0.000000	0.000000	0.000000	0.000000	0.000000	0.000000	0.000000	0.000000	0.000000	0.000000	0.000000	0.000000	0.000000	0.000000	0.000000	0.000000	0.190314	0.967794	-0.164789	-0.783467	0.048577	-0.619532	-0.591574	0.247012	0.767480	202.535416	4266.330078	-41.896698	
0.902779	1.590645	-0.582706	-83.854225	12.597135	36.991169	-0.196931	-0.138069	0.028605	-83.657295	12.735205	36.962566	0.220014	0.969429	-0.108636	-0.779494	0.107757	-0.617072	-0.586501	0.220446	0.779372	0.998421	0.056170	-0.000448	-0.056172	0.998389	-0.007970	0.000000	0.007983	0.999968	242.527344	4310.782715	34.466854	0.003865	0.999964	-0.007514	83.720573	-43.591550	97.027357	-42.585545	-97.027359	-9.310989	865035026867	86491769867000	3166	TrackerOperationMode_Track	-3.220100	0.457375	194.563187	4216.377930	24.381630	1745.774780	697.230835	1513.107788	927.893616	1958.460449	942.892944	1805.306396	938.997681	0.000000	0.000000	0.000000	0.000000	0.000000	0.000000	0.000000	0.000000	0.000000	0.000000	0.000000	0.000000	0.000000	0.000000	0.000000	0.000000	0.000000	0.000000	0.000000	0.000000	0.000000	0.000000	0.000000	0.000000	0.000000	0.000000	0.176145	0.973852	-0.143475	-0.785922	0.051372	-0.616187	-0.592704	0.221299	0.774421	200.793747	4266.635254	-41.119118	
0.902821	1.589593	-0.582412	-83.815590	12.550192	36.994968	-0.196894	-0.138245	0.028544	-83.618690	12.688437	36.966427	0.220070	0.969534	-0.107573	-0.779357	0.108430	-0.617127	-0.586661	0.219649	0.779476	0.998421	0.056170	-0.000448	-0.056172	0.998389	-0.007970	0.000000	0.007983	0.999968	242.529190	4310.790039	34.468243	0.003865	0.999964	-0.007514	83.681720	-43.521785	96.886683	-42.524860	-96.886681	-9.261856	865038836407	86492150800000	3174	TrackerOperationMode_Track	-3.220123	0.457397	194.633469	4216.521973	24.433235	1745.670532	697.362854	1513.045288	927.878174	1958.454834	942.926208	1805.411377	939.016235	0.000000	0.000000	0.000000	0.000000	0.000000	0.000000	0.000000	0.000000	0.000000	0.000000	0.000000	0.000000	0.000000	0.000000	0.000000	0.000000	0.000000	0.000000	0.000000	0.000000	0.000000	0.000000	0.000000	0.000000	0.000000	0.000000	0.176209	0.973996	-0.142417	-0.785788	0.052044	-0.616303	-0.592864	0.220508	0.774525	200.775864	4266.785156	-41.071495	
0.902911	1.589563	-0.582282	-83.807770	12.552153	36.996948	-0.196881	-0.138221	0.028544	-83.610886	12.690374	36.968407	0.220200	0.969512	-0.107508	-0.779304	0.108562	-0.617171	-0.586684	0.219682	0.779450	0.998421	0.056170	-0.000448	-0.056172	0.998389	-0.007970	0.000000	0.007983	0.999968	242.527161	4310.774902	34.467796	0.003865	0.999964	-0.007514	83.674121	-43.508148	96.859187	-42.511189	-96.859184	-9.260540	865042169554	86492484136000	3181	TrackerOperationMode_Track	-3.220100	0.457390	194.646667	4216.533691	24.434338	1745.710693	697.309082	1513.022705	927.944824	1958.483521	942.938782	1805.411377	939.073730	0.000000	0.000000	0.000000	0.000000	0.000000	0.000000	0.000000	0.000000	0.000000	0.000000	0.000000	0.000000	0.000000	0.000000	0.000000	0.000000	0.000000	0.000000	0.000000	0.000000	0.000000	0.000000	0.000000	0.000000	0.000000	0.000000	0.176342	0.973981	-0.142354	-0.785741	0.052177	-0.616351	-0.592886	0.220542	0.774498	200.783981	4266.799805	-41.068409	
0.902756	1.589447	-0.582238	-83.806557	12.542739	37.003025	-0.196912	-0.138271	0.028528	-83.609642	12.681010	36.974499	0.220133	0.969546	-0.107344	-0.779244	0.108587	-0.617242	-0.586788	0.219523	0.779416	0.998421	0.056170	-0.000448	-0.056172	0.998389	-0.007970	0.000000	0.007983	0.999968	242.528091	4310.804199	34.467415	0.003865	0.999964	-0.007514	83.672634	-43.505481	96.853809	-42.510101	-96.853806	-9.253014	865045502702	86492817441000	3188	TrackerOperationMode_Track	-3.220100	0.457382	194.648987	4216.567871	24.441536	1745.898193	697.402039	1512.993408	927.896545	1958.407959	942.987854	1805.346069	939.048828	0.000000	0.000000	0.000000	0.000000	0.000000	0.000000	0.000000	0.000000	0.000000	0.000000	0.000000	0.000000	0.000000	0.000000	0.000000	0.000000	0.000000	0.000000	0.000000	0.000000	0.000000	0.000000	0.000000	0.000000	0.000000	0.000000	0.176278	0.974016	-0.142195	-0.785677	0.052201	-0.616430	-0.592990	0.220383	0.774464	200.772934	4266.840332	-41.057495	
0.902846	1.589362	-0.582357	-83.807144	12.540256	36.994881	-0.196882	-0.138281	0.028531	-83.610268	12.678537	36.966347	0.220084	0.969556	-0.107349	-0.779337	0.108577	-0.617127	-0.586683	0.219481	0.779507	0.998421	0.056170	-0.000448	-0.056172	0.998389	-0.007970	0.000000	0.007982	0.999968	242.528305	4310.774414	34.465752	0.003865	0.999964	-0.007514	83.673250	-43.506586	96.856037	-42.511585	-96.856033	-9.251383	865049312042	86493198384000	3196	TrackerOperationMode_Track	-3.220116	0.457359	194.647552	4216.536133	24.441525	1745.713135	697.212769	1513.000488	927.850830	1958.439087	942.948425	1805.369873	939.000244	0.000000	0.000000	0.000000	0.000000	0.000000	0.000000	0.000000	0.000000	0.000000	0.000000	0.000000	0.000000	0.000000	0.000000	0.000000	0.000000	0.000000	0.000000	0.000000	0.000000	0.000000	0.000000	0.000000	0.000000	0.000000	0.000000	0.176224	0.974026	-0.142193	-0.785769	0.052191	-0.616315	-0.592885	0.220340	0.774556	200.771271	4266.799316	-41.064846	
0.903031	1.589785	-0.582191	-83.807068	12.566673	36.997982	-0.196870	-0.138145	0.028561	-83.610199	12.704818	36.969421	0.220358	0.969456	-0.107692	-0.779274	0.108567	-0.617208	-0.586664	0.219928	0.779395	0.998421	0.056170	-0.000448	-0.056172	0.998389	-0.007971	0.000000	0.007983	0.999968	242.528488	4310.798340	34.469097	0.003865	0.999964	-0.007514	83.673781	-43.507538	96.857956	-42.508244	-96.857956	-9.271201	865052645189	86493531693000	3203	TrackerOperationMode_Track	-3.220100	0.457405	194.651001	4216.558105	24.424961	1745.767456	697.282837	1513.126465	927.892761	1958.497681	942.878723	1805.290405	939.021301	0.000000	0.000000	0.000000	0.000000	0.000000	0.000000	0.000000	0.000000	0.000000	0.000000	0.000000	0.000000	0.000000	0.000000	0.000000	0.000000	0.000000	0.000000	0.000000	0.000000	0.000000	0.000000	0.000000	0.000000	0.000000	0.000000	0.176502	0.973925	-0.142540	-0.785720	0.052183	-0.616377	-0.592867	0.220788	0.774443	200.804047	4266.826172	-41.074665	
0.902966	1.589592	-0.582291	-83.807610	12.554956	36.995007	-0.196870	-0.138206	0.028549	-83.610741	12.693162	36.966457	0.220227	0.969501	-0.107551	-0.779321	0.108563	-0.617149	-0.586651	0.219730	0.779461	0.998421	0.056171	-0.000448	-0.056173	0.998389	-0.007972	0.000000	0.007984	0.999968	242.532837	4310.803711	34.473778	0.003865	0.999964	-0.007514	83.674063	-43.508044	96.858975	-42.510635	-96.858978	-9.262600	865056454729	86493912634000	3211	TrackerOperationMode_Track	-3.220161	0.457466	194.652802	4216.562500	24.438131	1745.818848	697.168091	1513.134399	927.873901	1958.535889	942.997803	1805.398315	939.044495	0.000000	0.000000	0.000000	0.000000	0.000000	0.000000	0.000000	0.000000	0.000000	0.000000	0.000000	0.000000	0.000000	0.000000	0.000000	0.000000	0.000000	0.000000	0.000000	0.000000	0.000000	0.000000	0.000000	0.000000	0.000000	0.000000	0.176367	0.973970	-0.142397	-0.785760	0.052177	-0.616327	-0.592854	0.220590	0.774509	200.793747	4266.826660	-41.065765	
0.902869	1.589308	-0.582457	-83.809204	12.537527	36.989914	-0.196868	-0.138297	0.028532	-83.612343	12.675824	36.961380	0.220019	0.969570	-0.107354	-0.779401	0.108543	-0.617051	-0.586622	0.219435	0.779566	0.998421	0.056168	-0.000448	-0.056170	0.998389	-0.007972	0.000000	0.007984	0.999968	242.518036	4310.796875	34.474434	0.003865	0.999964	-0.007514	83.675257	-43.510186	96.863295	-42.515553	-96.863297	-9.250080	865059787876	86494245951000	3218	TrackerOperationMode_Track	-3.219971	0.457474	194.633163	4216.551270	24.451260	1745.654175	697.229370	1513.118286	927.886047	1958.573120	942.980835	1805.448120	938.965759	0.000000	0.000000	0.000000	0.000000	0.000000	0.000000	0.000000	0.000000	0.000000	0.000000	0.000000	0.000000	0.000000	0.000000	0.000000	0.000000	0.000000	0.000000	0.000000	0.000000	0.000000	0.000000	0.000000	0.000000	0.000000	0.000000	0.176157	0.974038	-0.142192	-0.785828	0.052159	-0.616242	-0.592826	0.220294	0.774615	200.756699	4266.808594	-41.059643	
0.902700	1.589139	-0.582414	-83.807037	12.525178	36.996037	-0.196900	-0.138360	0.028512	-83.610138	12.663538	36.967525	0.219935	0.969613	-0.107140	-0.779341	0.108586	-0.617120	-0.586734	0.219225	0.779541	0.998421	0.056170	-0.000448	-0.056172	0.998389	-0.007970	0.000000	0.007983	0.999968	242.527786	4310.796387	34.468113	0.003865	0.999964	-0.007514	83.672759	-43.505705	96.854259	-42.513157	-96.854256	-9.240004	865063597216	86494626906000	3226	TrackerOperationMode_Track	-3.220100	0.457390	194.645599	4216.560059	24.455229	1745.862183	697.269531	1513.030151	927.835388	1958.361938	943.001343	1805.404297	939.007263	0.000000	0.000000	0.000000	0.000000	0.000000	0.000000	0.000000	0.000000	0.000000	0.000000	0.000000	0.000000	0.000000	0.000000	0.000000	0.000000	0.000000	0.000000	0.000000	0.000000	0.000000	0.000000	0.000000	0.000000	0.000000	0.000000	0.176076	0.974083	-0.141984	-0.785763	0.052199	-0.616321	-0.592936	0.220085	0.774590	200.751663	4266.823730	-41.052429	
0.902788	1.589251	-0.582412	-83.807808	12.532945	36.993942	-0.196886	-0.138320	0.028523	-83.610924	12.671266	36.965420	0.219999	0.969585	-0.107261	-0.779358	0.108569	-0.617102	-0.586687	0.219357	0.779539	0.998421	0.056170	-0.000448	-0.056172	0.998389	-0.007971	0.000000	0.007984	0.999968	242.528748	4310.782227	34.470913	0.003865	0.999964	-0.007514	83.673727	-43.507441	96.857760	-42.513607	-96.857758	-9.246125	865067406556	86495007822000	3234	TrackerOperationMode_Track	-3.220116	0.457428	194.645889	4216.542480	24.451815	1745.644897	697.297180	1513.055298	927.930237	1958.312134	943.050110	1805.276367	939.051392	0.000000	0.000000	0.000000	0.000000	0.000000	0.000000	0.000000	0.000000	0.000000	0.000000	0.000000	0.000000	0.000000	0.000000	0.000000	0.000000	0.000000	0.000000	0.000000	0.000000	0.000000	0.000000	0.000000	0.000000	0.000000	0.000000	0.176139	0.974054	-0.142104	-0.785784	0.052182	-0.616296	-0.592891	0.220217	0.774587	200.762070	4266.804199	-41.056396	
0.902815	1.589464	-0.582298	-83.808060	12.544708	36.998848	-0.196896	-0.138262	0.028534	-83.611168	12.682970	36.970314	0.220124	0.969541	-0.107403	-0.779292	0.108560	-0.617185	-0.586727	0.219556	0.779453	0.998421	0.056169	-0.000448	-0.056171	0.998389	-0.007970	0.000000	0.007983	0.999968	242.525375	4310.804199	34.468422	0.003865	0.999964	-0.007514	83.674203	-43.508296	96.859483	-42.512539	-96.859482	-9.255042	865070739903	86495341150000	3241	TrackerOperationMode_Track	-3.220062	0.457397	194.643585	4216.562500	24.440445	1745.688354	697.308533	1512.951782	927.902771	1958.399170	942.976318	1805.249878	939.004883	0.000000	0.000000	0.000000	0.000000	0.000000	0.000000	0.000000	0.000000	0.000000	0.000000	0.000000	0.000000	0.000000	0.000000	0.000000	0.000000	0.000000	0.000000	0.000000	0.000000	0.000000	0.000000	0.000000	0.000000	0.000000	0.000000	0.176268	0.974009	-0.142250	-0.785725	0.052175	-0.616371	-0.592929	0.220416	0.774501	200.772125	4266.830566	-41.061821	
0.902873	1.589436	-0.582328	-83.807220	12.544720	36.995609	-0.196881	-0.138259	0.028536	-83.610344	12.682979	36.967075	0.220130	0.969539	-0.107407	-0.779324	0.108574	-0.617143	-0.586683	0.219556	0.779486	0.998421	0.056170	-0.000448	-0.056172	0.998389	-0.007970	0.000000	0.007983	0.999968	242.528931	4310.790527	34.468533	0.003865	0.999964	-0.007514	83.673423	-43.506895	96.856660	-42.511169	-96.856659	-9.254763	865074073051	86495674470000	3248	TrackerOperationMode_Track	-3.220116	0.457397	194.648560	4216.551758	24.440857	1745.713257	697.202271	1512.992310	927.953735	1958.386353	942.974487	1805.300537	939.071533	0.000000	0.000000	0.000000	0.000000	0.000000	0.000000	0.000000	0.000000	0.000000	0.000000	0.000000	0.000000	0.000000	0.000000	0.000000	0.000000	0.000000	0.000000	0.000000	0.000000	0.000000	0.000000	0.000000	0.000000	0.000000	0.000000	0.176270	0.974009	-0.142252	-0.785758	0.052188	-0.616328	-0.592885	0.220416	0.774534	200.777252	4266.815918	-41.064163	
0.902846	1.589413	-0.582317	-83.806808	12.542944	36.996811	-0.196886	-0.138268	0.028533	-83.609924	12.681211	36.968277	0.220120	0.969545	-0.107374	-0.779312	0.108582	-0.617157	-0.586703	0.219526	0.779479	0.998421	0.056165	-0.000449	-0.056167	0.998390	-0.007973	0.000000	0.007985	0.999968	242.507370	4310.791504	34.478241	0.003865	0.999964	-0.007514	83.672964	-43.506072	96.855000	-42.510647	-96.855003	-9.253278	865077882390	86496055407000	3256	TrackerOperationMode_Track	-3.219833	0.457527	194.628082	4216.554199	24.451843	1745.744385	697.314941	1513.014404	927.877563	1958.489014	942.926697	1805.430664	938.995911	0.000000	0.000000	0.000000	0.000000	0.000000	0.000000	0.000000	0.000000	0.000000	0.000000	0.000000	0.000000	0.000000	0.000000	0.000000	0.000000	0.000000	0.000000	0.000000	0.000000	0.000000	0.000000	0.000000	0.000000	0.000000	0.000000	0.176265	0.974015	-0.142217	-0.785743	0.052200	-0.616347	-0.592907	0.220386	0.774526	200.753845	4266.819824	-41.052315	
0.902848	1.589652	-0.582135	-83.805557	12.555784	37.005318	-0.196907	-0.138202	0.028542	-83.608650	12.693986	36.976772	0.220283	0.969494	-0.107500	-0.779201	0.108598	-0.617295	-0.586789	0.219744	0.779353	0.998421	0.056173	-0.000448	-0.056175	0.998389	-0.007968	0.000000	0.007981	0.999968	242.540253	4310.782227	34.458462	0.003865	0.999964	-0.007514	83.671955	-43.504262	96.851350	-42.506794	-96.851349	-9.262456	865081215538	86496388722000	3263	TrackerOperationMode_Track	-3.220276	0.457268	194.664291	4216.548340	24.423355	1745.712158	697.434021	1512.916748	927.960938	1958.351074	943.046997	1805.272217	939.184448	0.000000	0.000000	0.000000	0.000000	0.000000	0.000000	0.000000	0.000000	0.000000	0.000000	0.000000	0.000000	0.000000	0.000000	0.000000	0.000000	0.000000	0.000000	0.000000	0.000000	0.000000	0.000000	0.000000	0.000000	0.000000	0.000000	0.176428	0.973965	-0.142355	-0.785644	0.052211	-0.616472	-0.592989	0.220604	0.774402	200.801849	4266.824219	-41.071846	
0.902809	1.589463	-0.582261	-83.806694	12.544796	37.000492	-0.196900	-0.138259	0.028532	-83.609795	12.683055	36.971962	0.220147	0.969538	-0.107383	-0.779269	0.108583	-0.617211	-0.586749	0.219558	0.779436	0.998421	0.056169	-0.000448	-0.056170	0.998389	-0.007968	0.000000	0.007981	0.999968	242.522675	4310.804688	34.459332	0.003865	0.999964	-0.007514	83.672850	-43.505867	96.854587	-42.510147	-96.854584	-9.254617	865085024878	86496769667000	3271	TrackerOperationMode_Track	-3.220024	0.457275	194.643600	4216.567871	24.432026	1745.860474	697.514771	1513.111694	928.185425	1958.547974	943.108154	1805.459717	939.196777	0.000000	0.000000	0.000000	0.000000	0.000000	0.000000	0.000000	0.000000	0.000000	0.000000	0.000000	0.000000	0.000000	0.000000	0.000000	0.000000	0.000000	0.000000	0.000000	0.000000	0.000000	0.000000	0.000000	0.000000	0.000000	0.000000	0.176292	0.974008	-0.142231	-0.785705	0.052200	-0.616395	-0.592950	0.220417	0.774485	200.770584	4266.837402	-41.068935	
0.902878	1.589485	-0.582321	-83.808090	12.547252	36.995998	-0.196882	-0.138247	0.028539	-83.611206	12.685499	36.967461	0.220144	0.969531	-0.107449	-0.779321	0.108558	-0.617150	-0.586682	0.219599	0.779474	0.998421	0.056170	-0.000448	-0.056172	0.998389	-0.007968	0.000000	0.007980	0.999968	242.525009	4310.767578	34.457424	0.003865	0.999964	-0.007514	83.674327	-43.508518	96.859931	-42.512344	-96.859932	-9.256974	865088834417	86497150598000	3279	TrackerOperationMode_Track	-3.220085	0.457253	194.643341	4216.525391	24.427757	1745.802490	697.301086	1513.141846	928.087646	1958.479248	943.091858	1805.319824	939.159851	0.000000	0.000000	0.000000	0.000000	0.000000	0.000000	0.000000	0.000000	0.000000	0.000000	0.000000	0.000000	0.000000	0.000000	0.000000	0.000000	0.000000	0.000000	0.000000	0.000000	0.000000	0.000000	0.000000	0.000000	0.000000	0.000000	0.176285	0.974000	-0.142294	-0.785757	0.052174	-0.616332	-0.592883	0.220459	0.774524	200.775558	4266.790039	-41.076683	
0.902982	1.589713	-0.582187	-83.806190	12.561954	36.999321	-0.196878	-0.138168	0.028554	-83.609306	12.700123	36.970764	0.220325	0.969472	-0.107614	-0.779261	0.108584	-0.617221	-0.586693	0.219848	0.779396	0.998421	0.056168	-0.000448	-0.056170	0.998389	-0.007972	0.000000	0.007985	0.999968	242.517395	4310.775391	34.475986	0.003865	0.999964	-0.007514	83.672791	-43.505762	96.854374	-42.507267	-96.854378	-9.267336	865092167565	86497483919000	3286	TrackerOperationMode_Track	-3.219971	0.457497	194.641296	4216.538574	24.435589	1745.821411	697.453857	1513.210571	927.991760	1958.522827	942.980896	1805.424438	939.137085	0.000000	0.000000	0.000000	0.000000	0.000000	0.000000	0.000000	0.000000	0.000000	0.000000	0.000000	0.000000	0.000000	0.000000	0.000000	0.000000	0.000000	0.000000	0.000000	0.000000	0.000000	0.000000	0.000000	0.000000	0.000000	0.000000	0.176471	0.973942	-0.142461	-0.785704	0.052202	-0.616396	-0.592897	0.220708	0.774442	200.787735	4266.808105	-41.063541	
0.902854	1.589466	-0.582298	-83.807213	12.545860	36.997566	-0.196888	-0.138253	0.028536	-83.610329	12.684114	36.969032	0.220145	0.969535	-0.107415	-0.779302	0.108574	-0.617171	-0.586707	0.219576	0.779462	0.998421	0.056169	-0.000449	-0.056171	0.998389	-0.007972	0.000000	0.007985	0.999968	242.523590	4310.790527	34.475788	0.003865	0.999964	-0.007514	83.673420	-43.506891	96.856651	-42.510975	-96.856651	-9.255611	865095976904	86497864860000	3294	TrackerOperationMode_Track	-3.220047	0.457489	194.643539	4216.551758	24.447109	1745.731934	697.342163	1513.060913	927.863342	1958.399780	942.956848	1805.321655	938.980408	0.000000	0.000000	0.000000	0.000000	0.000000	0.000000	0.000000	0.000000	0.000000	0.000000	0.000000	0.000000	0.000000	0.000000	0.000000	0.000000	0.000000	0.000000	0.000000	0.000000	0.000000	0.000000	0.000000	0.000000	0.000000	0.000000	0.176288	0.974004	-0.142261	-0.785735	0.052189	-0.616358	-0.592911	0.220436	0.774510	200.772980	4266.818359	-41.055996	
0.902899	1.589578	-0.582239	-83.806732	12.552858	36.999119	-0.196887	-0.138217	0.028543	-83.609840	12.691074	36.970573	0.220225	0.969508	-0.107498	-0.779275	0.108579	-0.617204	-0.586712	0.219694	0.779425	0.998421	0.056171	-0.000448	-0.056172	0.998389	-0.007971	0.000000	0.007984	0.999968	242.529449	4310.774414	34.472038	0.003865	0.999964	-0.007514	83.673098	-43.506314	96.855487	-42.509277	-96.855484	-9.260693	865099310052	86498198187000	3301	TrackerOperationMode_Track	-3.220139	0.457443	194.651001	4216.536621	24.438366	1745.710327	697.366638	1513.024048	927.915222	1958.468750	942.936340	1805.348877	939.069641	0.000000	0.000000	0.000000	0.000000	0.000000	0.000000	0.000000	0.000000	0.000000	0.000000	0.000000	0.000000	0.000000	0.000000	0.000000	0.000000	0.000000	0.000000	0.000000	0.000000	0.000000	0.000000	0.000000	0.000000	0.000000	0.000000	0.176368	0.973977	-0.142346	-0.785714	0.052193	-0.616384	-0.592915	0.220554	0.774473	200.787704	4266.805664	-41.062382	
0.902821	1.589447	-0.582289	-83.807098	12.544117	36.998898	-0.196895	-0.138263	0.028533	-83.610207	12.682380	36.970367	0.220132	0.969541	-0.107385	-0.779289	0.108577	-0.617187	-0.586729	0.219546	0.779454	0.998421	0.056171	-0.000448	-0.056172	0.998389	-0.007971	0.000000	0.007984	0.999968	242.530029	4310.782227	34.472923	0.003865	0.999964	-0.007514	83.673247	-43.506581	96.856026	-42.510956	-96.856026	-9.254255	865103119392	86498579120000	3309	TrackerOperationMode_Track	-3.220139	0.457458	194.649887	4216.543945	24.445656	1745.856689	697.312195	1513.048462	927.968445	1958.418823	943.004211	1805.331909	939.033752	0.000000	0.000000	0.000000	0.000000	0.000000	0.000000	0.000000	0.000000	0.000000	0.000000	0.000000	0.000000	0.000000	0.000000	0.000000	0.000000	0.000000	0.000000	0.000000	0.000000	0.000000	0.000000	0.000000	0.000000	0.000000	0.000000	0.176274	0.974011	-0.142233	-0.785722	0.052190	-0.616374	-0.592932	0.220406	0.774502	200.776978	4266.812012	-41.056602	
0.902814	1.589527	-0.582249	-83.807693	12.548019	37.001205	-0.196902	-0.138245	0.028536	-83.610794	12.686265	36.972668	0.220167	0.969528	-0.107435	-0.779262	0.108565	-0.617223	-0.586751	0.219612	0.779419	0.998421	0.056171	-0.000448	-0.056172	0.998389	-0.007971	0.000000	0.007984	0.999968	242.530289	4310.782227	34.471237	0.003865	0.999964	-0.007514	83.673895	-43.507743	96.858369	-42.511463	-96.858368	-9.257393	865106452739	86498912426000	3316	TrackerOperationMode_Track	-3.220139	0.457436	194.649506	4216.541504	24.440853	1745.747192	697.476196	1513.031250	927.914246	1958.450684	942.950562	1805.313843	939.012817	0.000000	0.000000	0.000000	0.000000	0.000000	0.000000	0.000000	0.000000	0.000000	0.000000	0.000000	0.000000	0.000000	0.000000	0.000000	0.000000	0.000000	0.000000	0.000000	0.000000	0.000000	0.000000	0.000000	0.000000	0.000000	0.000000	0.176311	0.973997	-0.142285	-0.785697	0.052179	-0.616407	-0.592954	0.220472	0.774466	200.780975	4266.812500	-41.058872	
0.902854	1.589584	-0.582207	-83.806580	12.552144	37.001892	-0.196899	-0.138221	0.028540	-83.609680	12.690366	36.973351	0.220226	0.969510	-0.107476	-0.779246	0.108582	-0.617241	-0.586751	0.219682	0.779399	0.998421	0.056170	-0.000448	-0.056172	0.998389	-0.007971	0.000000	0.007983	0.999968	242.529007	4310.796387	34.469654	0.003865	0.999964	-0.007514	83.672898	-43.505954	96.854763	-42.509041	-96.854759	-9.260095	865110262079	86499293372000	3324	TrackerOperationMode_Track	-3.220108	0.457405	194.650894	4216.559082	24.436649	1745.830322	697.415894	1513.085693	927.904419	1958.401611	943.014832	1805.310791	939.101624	0.000000	0.000000	0.000000	0.000000	0.000000	0.000000	0.000000	0.000000	0.000000	0.000000	0.000000	0.000000	0.000000	0.000000	0.000000	0.000000	0.000000	0.000000	0.000000	0.000000	0.000000	0.000000	0.000000	0.000000	0.000000	0.000000	0.176371	0.973980	-0.142326	-0.785684	0.052197	-0.616422	-0.592953	0.220542	0.774447	200.785904	4266.831055	-41.061886	
0.902756	1.589396	-0.582311	-83.808128	12.539776	36.999844	-0.196905	-0.138288	0.028527	-83.611221	12.678064	36.971317	0.220076	0.969560	-0.107334	-0.779288	0.108561	-0.617192	-0.586752	0.219473	0.779458	0.998421	0.056170	-0.000448	-0.056172	0.998389	-0.007970	0.000000	0.007983	0.999968	242.528610	4310.790527	34.468349	0.003865	0.999964	-0.007514	83.674133	-43.508170	96.859230	-42.513214	-96.859230	-9.251354	865113595226	86499626690000	3331	TrackerOperationMode_Track	-3.220108	0.457397	194.646072	4216.549316	24.444061	1745.833740	697.364746	1513.031128	927.946838	1958.441040	943.038635	1805.303101	939.038269	0.000000	0.000000	0.000000	0.000000	0.000000	0.000000	0.000000	0.000000	0.000000	0.000000	0.000000	0.000000	0.000000	0.000000	0.000000	0.000000	0.000000	0.000000	0.000000	0.000000	0.000000	0.000000	0.000000	0.000000	0.000000	0.000000	0.176219	0.974028	-0.142182	-0.785718	0.052175	-0.616381	-0.592954	0.220332	0.774506	200.768814	4266.817871	-41.058113	
0.902773	1.589254	-0.582379	-83.806900	12.532967	36.995758	-0.196891	-0.138319	0.028522	-83.610008	12.671286	36.967236	0.220016	0.969583	-0.107245	-0.779335	0.108585	-0.617128	-0.586712	0.219357	0.779520	0.998421	0.056170	-0.000448	-0.056172	0.998389	-0.007971	0.000000	0.007984	0.999968	242.528778	4310.790527	34.470760	0.003865	0.999964	-0.007514	83.672818	-43.505811	96.854474	-42.512005	-96.854477	-9.245811	865117404566	86500007639000	3339	TrackerOperationMode_Track	-3.220116	0.457428	194.647705	4216.553711	24.452003	1745.798096	697.317322	1513.062012	927.859924	1958.432495	942.985596	1805.441895	939.015503	0.000000	0.000000	0.000000	0.000000	0.000000	0.000000	0.000000	0.000000	0.000000	0.000000	0.000000	0.000000	0.000000	0.000000	0.000000	0.000000	0.000000	0.000000	0.000000	0.000000	0.000000	0.000000	0.000000	0.000000	0.000000	0.000000	0.176156	0.974053	-0.142089	-0.785761	0.052198	-0.616323	-0.592915	0.220217	0.774568	200.762650	4266.817383	-41.054665	
0.902680	1.589216	-0.582371	-83.807709	12.528677	36.998852	-0.196910	-0.138345	0.028514	-83.610802	12.667022	36.970341	0.219967	0.969601	-0.107184	-0.779309	0.108573	-0.617162	-0.586764	0.219285	0.779501	0.998421	0.056170	-0.000448	-0.056172	0.998389	-0.007970	0.000000	0.007983	0.999968	242.529953	4310.803711	34.467812	0.003865	0.999964	-0.007514	83.673472	-43.506985	96.856840	-42.513847	-96.856842	-9.242868	865121214106	86500388567000	3347	TrackerOperationMode_Track	-3.220116	0.457390	194.646896	4216.564453	24.452042	1745.890625	697.379822	1513.060181	927.880249	1958.424316	943.045776	1805.372559	939.006104	0.000000	0.000000	0.000000	0.000000	0.000000	0.000000	0.000000	0.000000	0.000000	0.000000	0.000000	0.000000	0.000000	0.000000	0.000000	0.000000	0.000000	0.000000	0.000000	0.000000	0.000000	0.000000	0.000000	0.000000	0.000000	0.000000	0.176109	0.974070	-0.142030	-0.785733	0.052186	-0.616360	-0.592966	0.220144	0.774550	200.756851	4266.831543	-41.052689	
0.902856	1.589522	-0.582283	-83.807968	12.548704	36.998444	-0.196891	-0.138240	0.028539	-83.611076	12.686945	36.969906	0.220165	0.969526	-0.107458	-0.779292	0.108560	-0.617186	-0.586712	0.219624	0.779445	0.998421	0.056171	-0.000448	-0.056173	0.998389	-0.007971	0.000000	0.007983	0.999968	242.531631	4310.782227	34.470200	0.003865	0.999964	-0.007514	83.674214	-43.508316	96.859524	-42.511913	-96.859528	-9.258015	865124547253	86500721883000	3354	TrackerOperationMode_Track	-3.220161	0.457420	194.650299	4216.540527	24.439213	1745.862183	697.284973	1513.124146	927.848022	1958.449951	943.002075	1805.282837	939.033020	0.000000	0.000000	0.000000	0.000000	0.000000	0.000000	0.000000	0.000000	0.000000	0.000000	0.000000	0.000000	0.000000	0.000000	0.000000	0.000000	0.000000	0.000000	0.000000	0.000000	0.000000	0.000000	0.000000	0.000000	0.000000	0.000000	0.176307	0.973994	-0.142306	-0.785727	0.052173	-0.616368	-0.592915	0.220484	0.774493	200.783524	4266.808105	-41.062771	
0.902826	1.589484	-0.582279	-83.807533	12.546103	36.999374	-0.196896	-0.138254	0.028535	-83.610641	12.684357	36.970837	0.220147	0.969535	-0.107414	-0.779283	0.108568	-0.617196	-0.586731	0.219580	0.779443	0.998421	0.056170	-0.000448	-0.056172	0.998389	-0.007971	0.000000	0.007983	0.999968	242.527924	4310.790527	34.470329	0.003865	0.999964	-0.007514	83.673718	-43.507426	96.857729	-42.511463	-96.857727	-9.255904	865128356593	86501102827000	3362	TrackerOperationMode_Track	-3.220100	0.457420	194.647232	4216.550293	24.441465	1745.714355	697.409912	1513.020874	927.913025	1958.442383	942.980652	1805.340454	939.023804	0.000000	0.000000	0.000000	0.000000	0.000000	0.000000	0.000000	0.000000	0.000000	0.000000	0.000000	0.000000	0.000000	0.000000	0.000000	0.000000	0.000000	0.000000	0.000000	0.000000	0.000000	0.000000	0.000000	0.000000	0.000000	0.000000	0.176290	0.974004	-0.142262	-0.785717	0.052183	-0.616381	-0.592933	0.220440	0.774491	200.776810	4266.818848	-41.060120	
0.902819	1.589323	-0.582385	-83.807838	12.537441	36.994438	-0.196884	-0.138297	0.028528	-83.610947	12.675738	36.965908	0.220046	0.969568	-0.107320	-0.779347	0.108567	-0.617115	-0.586684	0.219433	0.779520	0.998421	0.056172	-0.000449	-0.056174	0.998389	-0.007973	0.000000	0.007986	0.999968	242.536072	4310.790039	34.480461	0.003865	0.999964	-0.007514	83.673856	-43.507673	96.858228	-42.513103	-96.858231	-9.249511	865131689740	86501436139000	3369	TrackerOperationMode_Track	-3.220215	0.457550	194.653534	4216.549805	24.457767	1745.781250	697.308594	1513.117065	928.009338	1958.418579	943.043274	1805.367920	939.038330	0.000000	0.000000	0.000000	0.000000	0.000000	0.000000	0.000000	0.000000	0.000000	0.000000	0.000000	0.000000	0.000000	0.000000	0.000000	0.000000	0.000000	0.000000	0.000000	0.000000	0.000000	0.000000	0.000000	0.000000	0.000000	0.000000	0.176184	0.974037	-0.142165	-0.785775	0.052178	-0.616307	-0.592889	0.220293	0.774567	200.774841	4266.812500	-41.049236	
0.902680	1.589297	-0.582300	-83.806915	12.533028	37.002155	-0.196918	-0.138322	0.028517	-83.609993	12.671350	36.973637	0.220028	0.969583	-0.107221	-0.779266	0.108585	-0.617215	-0.586799	0.219358	0.779454	0.998421	0.056172	-0.000449	-0.056174	0.998389	-0.007973	0.000000	0.007985	0.999968	242.534927	4310.790039	34.478233	0.003865	0.999964	-0.007514	83.672753	-43.505695	96.854239	-42.511883	-96.854240	-9.245841	865135499080	86501817077000	3377	TrackerOperationMode_Track	-3.220200	0.457527	194.653854	4216.553711	24.459280	1745.710205	697.508423	1512.897949	928.105957	1958.293091	943.053162	1805.275635	939.093567	0.000000	0.000000	0.000000	0.000000	0.000000	0.000000	0.000000	0.000000	0.000000	0.000000	0.000000	0.000000	0.000000	0.000000	0.000000	0.000000	0.000000	0.000000	0.000000	0.000000	0.000000	0.000000	0.000000	0.000000	0.000000	0.000000	0.176171	0.974053	-0.142071	-0.785692	0.052196	-0.616412	-0.593003	0.220218	0.774501	200.767319	4266.824707	-41.041855	
0.902746	1.589567	-0.582164	-83.806808	12.548741	37.006989	-0.196924	-0.138242	0.028532	-83.609886	12.686982	36.978458	0.220198	0.969523	-0.107413	-0.779195	0.108580	-0.617305	-0.586828	0.219625	0.779357	0.998421	0.056172	-0.000449	-0.056174	0.998389	-0.007973	0.000000	0.007986	0.999968	242.538696	4310.795410	34.481483	0.003865	0.999964	-0.007514	83.672984	-43.506108	96.855072	-42.509743	-96.855072	-9.257605	865138832427	86502150405000	3384	TrackerOperationMode_Track	-3.220238	0.457565	194.659653	4216.558105	24.450695	1745.775879	697.526001	1512.907593	928.054810	1958.320435	943.056824	1805.201904	939.134644	0.000000	0.000000	0.000000	0.000000	0.000000	0.000000	0.000000	0.000000	0.000000	0.000000	0.000000	0.000000	0.000000	0.000000	0.000000	0.000000	0.000000	0.000000	0.000000	0.000000	0.000000	0.000000	0.000000	0.000000	0.000000	0.000000	0.176344	0.973993	-0.142268	-0.785631	0.052192	-0.616491	-0.593032	0.220485	0.774402	200.789795	4266.835938	-41.043888	
0.902750	1.589406	-0.582267	-83.806808	12.540409	37.001827	-0.196910	-0.138283	0.028526	-83.609901	12.678693	36.973301	0.220104	0.969555	-0.107320	-0.779260	0.108583	-0.617222	-0.586777	0.219483	0.779435	0.998421	0.056172	-0.000449	-0.056174	0.998389	-0.007974	0.000000	0.007986	0.999968	242.536713	4310.790039	34.482906	0.003865	0.999964	-0.007514	83.672843	-43.505855	96.854562	-42.510841	-96.854561	-9.251357	865142641767	86502531345000	3392	TrackerOperationMode_Track	-3.220222	0.457588	194.656616	4216.553223	24.458332	1745.781128	697.427124	1512.975342	928.043030	1958.289062	943.048889	1805.236084	939.111206	0.000000	0.000000	0.000000	0.000000	0.000000	0.000000	0.000000	0.000000	0.000000	0.000000	0.000000	0.000000	0.000000	0.000000	0.000000	0.000000	0.000000	0.000000	0.000000	0.000000	0.000000	0.000000	0.000000	0.000000	0.000000	0.000000	0.176247	0.974025	-0.142171	-0.785690	0.052195	-0.616414	-0.592982	0.220344	0.774481	200.778549	4266.824707	-41.041897	
0.902698	1.589303	-0.582285	-83.806076	12.533956	37.002193	-0.196915	-0.138315	0.028518	-83.609161	12.672271	36.973675	0.220049	0.969578	-0.107224	-0.779261	0.108599	-0.617219	-0.586797	0.219374	0.779451	0.998421	0.056172	-0.000449	-0.056174	0.998389	-0.007973	0.000000	0.007986	0.999968	242.537537	4310.795898	34.479824	0.003865	0.999964	-0.007514	83.671961	-43.504272	96.851371	-42.510338	-96.851372	-9.246242	865145974915	86502864660000	3399	TrackerOperationMode_Track	-3.220230	0.457542	194.658112	4216.562012	24.460468	1745.836182	697.485046	1512.994751	928.058777	1958.312988	943.077942	1805.330688	939.137451	0.000000	0.000000	0.000000	0.000000	0.000000	0.000000	0.000000	0.000000	0.000000	0.000000	0.000000	0.000000	0.000000	0.000000	0.000000	0.000000	0.000000	0.000000	0.000000	0.000000	0.000000	0.000000	0.000000	0.000000	0.000000	0.000000	0.176192	0.974049	-0.142075	-0.785688	0.052210	-0.616416	-0.593001	0.220234	0.774497	200.771927	4266.833496	-41.040478	
0.902745	1.589353	-0.582312	-83.807350	12.537378	36.999924	-0.196906	-0.138299	0.028524	-83.610443	12.675677	36.971401	0.220062	0.969567	-0.107293	-0.779286	0.108575	-0.617191	-0.586758	0.219432	0.779464	0.998421	0.056172	-0.000449	-0.056174	0.998389	-0.007972	0.000000	0.007984	0.999968	242.534485	4310.782227	34.474148	0.003865	0.999964	-0.007514	83.673315	-43.506702	96.856270	-42.512161	-96.856270	-9.249275	865149784254	86503245591000	3407	TrackerOperationMode_Track	-3.220200	0.457466	194.653015	4216.543945	24.451847	1745.768555	697.358459	1512.968872	927.918213	1958.401611	943.030518	1805.312256	939.041504	0.000000	0.000000	0.000000	0.000000	0.000000	0.000000	0.000000	0.000000	0.000000	0.000000	0.000000	0.000000	0.000000	0.000000	0.000000	0.000000	0.000000	0.000000	0.000000	0.000000	0.000000	0.000000	0.000000	0.000000	0.000000	0.000000	0.176204	0.974037	-0.142142	-0.785715	0.052187	-0.616383	-0.592962	0.220292	0.774511	200.772400	4266.812500	-41.050579	
0.902830	1.589548	-0.582257	-83.808182	12.549411	37.000469	-0.196899	-0.138238	0.028538	-83.611282	12.687649	36.971935	0.220173	0.969523	-0.107462	-0.779270	0.108556	-0.617214	-0.586738	0.219636	0.779422	0.998421	0.056171	-0.000449	-0.056173	0.998389	-0.007972	0.000000	0.007984	0.999968	242.534225	4310.795898	34.474613	0.003865	0.999964	-0.007514	83.674415	-43.508676	96.860250	-42.512150	-96.860252	-9.258615	865153117602	86503578912000	3414	TrackerOperationMode_Track	-3.220184	0.457474	194.652573	4216.553711	24.442928	1745.729614	697.446838	1513.063599	927.943420	1958.429443	943.014404	1805.259888	939.033020	0.000000	0.000000	0.000000	0.000000	0.000000	0.000000	0.000000	0.000000	0.000000	0.000000	0.000000	0.000000	0.000000	0.000000	0.000000	0.000000	0.000000	0.000000	0.000000	0.000000	0.000000	0.000000	0.000000	0.000000	0.000000	0.000000	0.176316	0.973992	-0.142311	-0.785705	0.052169	-0.616397	-0.592941	0.220496	0.774469	200.786285	4266.823730	-41.057178	
0.902805	1.589488	-0.582257	-83.807220	12.545914	37.000927	-0.196902	-0.138255	0.028533	-83.610321	12.684169	36.972393	0.220152	0.969535	-0.107402	-0.779266	0.108574	-0.617217	-0.586752	0.219577	0.779428	0.998421	0.056172	-0.000449	-0.056174	0.998389	-0.007973	0.000000	0.007985	0.999968	242.535248	4310.795898	34.477489	0.003865	0.999964	-0.007514	83.673387	-43.506832	96.856533	-42.510910	-96.856529	-9.255644	865156926942	86503959849000	3422	TrackerOperationMode_Track	-3.220200	0.457520	194.655014	4216.557129	24.448727	1745.814453	697.421082	1513.072632	927.950439	1958.401855	943.053528	1805.315430	939.107666	0.000000	0.000000	0.000000	0.000000	0.000000	0.000000	0.000000	0.000000	0.000000	0.000000	0.000000	0.000000	0.000000	0.000000	0.000000	0.000000	0.000000	0.000000	0.000000	0.000000	0.000000	0.000000	0.000000	0.000000	0.000000	0.000000	0.176295	0.974004	-0.142253	-0.785699	0.052186	-0.616404	-0.592956	0.220437	0.774474	200.783798	4266.827637	-41.051487	
0.902791	1.589293	-0.582373	-83.807220	12.535334	36.995647	-0.196889	-0.138308	0.028525	-83.610336	12.673641	36.967121	0.220035	0.969575	-0.107281	-0.779334	0.108578	-0.617129	-0.586705	0.219397	0.779514	0.998421	0.056168	-0.000448	-0.056170	0.998389	-0.007969	0.000000	0.007982	0.999968	242.521240	4310.812500	34.463558	0.003865	0.999964	-0.007514	83.673195	-43.506486	96.855835	-42.512283	-96.855835	-9.247706	865160260089	86504293191000	3429	TrackerOperationMode_Track	-3.220001	0.457329	194.639999	4216.574219	24.443062	1745.700684	697.264038	1512.990479	927.869690	1958.375000	942.987488	1805.337280	939.004700	0.000000	0.000000	0.000000	0.000000	0.000000	0.000000	0.000000	0.000000	0.000000	0.000000	0.000000	0.000000	0.000000	0.000000	0.000000	0.000000	0.000000	0.000000	0.000000	0.000000	0.000000	0.000000	0.000000	0.000000	0.000000	0.000000	0.176177	0.974044	-0.142124	-0.785763	0.052194	-0.616322	-0.592907	0.220257	0.774563	200.757858	4266.837891	-41.063438	
0.902870	1.589475	-0.582324	-83.808105	12.546539	36.996113	-0.196883	-0.138251	0.028538	-83.611229	12.684790	36.967575	0.220137	0.969534	-0.107439	-0.779320	0.108558	-0.617151	-0.586685	0.219587	0.779475	0.998421	0.056169	-0.000448	-0.056171	0.998389	-0.007971	0.000000	0.007983	0.999968	242.523453	4310.790527	34.469646	0.003865	0.999964	-0.007514	83.674330	-43.508523	96.859942	-42.512466	-96.859940	-9.256445	865164069429	86504674103000	3437	TrackerOperationMode_Track	-3.220039	0.457405	194.641739	4216.548340	24.440250	1745.883667	697.334290	1513.207275	927.927429	1958.560913	943.015015	1805.405029	939.043335	0.000000	0.000000	0.000000	0.000000	0.000000	0.000000	0.000000	0.000000	0.000000	0.000000	0.000000	0.000000	0.000000	0.000000	0.000000	0.000000	0.000000	0.000000	0.000000	0.000000	0.000000	0.000000	0.000000	0.000000	0.000000	0.000000	0.176279	0.974003	-0.142284	-0.785754	0.052174	-0.616335	-0.592888	0.220447	0.774524	200.773102	4266.812988	-41.064053	
0.902863	1.589686	-0.582148	-83.806602	12.557704	37.004536	-0.196905	-0.138194	0.028545	-83.609695	12.695898	36.975990	0.220287	0.969489	-0.107541	-0.779211	0.108579	-0.617285	-0.586774	0.219776	0.779355	0.998421	0.056170	-0.000448	-0.056172	0.998389	-0.007970	0.000000	0.007982	0.999968	242.529297	4310.795898	34.466564	0.003865	0.999964	-0.007514	83.673028	-43.506187	96.855232	-42.508369	-96.855232	-9.264274	865167878769	86505055042000	3445	TrackerOperationMode_Track	-3.220116	0.457367	194.651810	4216.558105	24.429441	1745.749878	697.465881	1512.985474	927.993958	1958.413086	943.031067	1805.279785	939.147827	0.000000	0.000000	0.000000	0.000000	0.000000	0.000000	0.000000	0.000000	0.000000	0.000000	0.000000	0.000000	0.000000	0.000000	0.000000	0.000000	0.000000	0.000000	0.000000	0.000000	0.000000	0.000000	0.000000	0.000000	0.000000	0.000000	0.176433	0.973959	-0.142393	-0.785653	0.052195	-0.616461	-0.592976	0.220636	0.774403	200.792526	4266.833496	-41.066032	
0.902747	1.589297	-0.582344	-83.807190	12.534568	36.998230	-0.196901	-0.138313	0.028522	-83.610291	12.672880	36.969707	0.220032	0.969578	-0.107260	-0.779307	0.108579	-0.617164	-0.586742	0.219384	0.779490	0.998421	0.056168	-0.000448	-0.056170	0.998389	-0.007969	0.000000	0.007981	0.999968	242.518051	4310.797363	34.461754	0.003865	0.999964	-0.007514	83.673116	-43.506344	96.855549	-42.512268	-96.855553	-9.247110	865171212116	86505388363000	3452	TrackerOperationMode_Track	-3.219971	0.457306	194.636887	4216.559570	24.441895	1745.859375	697.393066	1513.103882	927.915466	1958.376221	943.024719	1805.351440	939.035461	0.000000	0.000000	0.000000	0.000000	0.000000	0.000000	0.000000	0.000000	0.000000	0.000000	0.000000	0.000000	0.000000	0.000000	0.000000	0.000000	0.000000	0.000000	0.000000	0.000000	0.000000	0.000000	0.000000	0.000000	0.000000	0.000000	0.176176	0.974047	-0.142105	-0.785736	0.052195	-0.616356	-0.592943	0.220244	0.774539	200.753143	4266.826172	-41.062546	
