rvec[0]	rvec[1]	rvec[2]	Yaw Raw	Pitch Raw	Roll Raw	Yaw Error	Pitch Error	Roll Error	Yaw Comp	Pitch Comp	Roll Comp	fpinfc[0]	fpinfc[1]	fpinfc[2]	fpinfc[3]	fpinfc[4]	fpinfc[5]	fpinfc[6]	fpinfc[7]	fpinfc[8]	fbinft[0]	fbinft[1]	fbinft[2]	fbinft[3]	fbinft[4]	fbinft[5]	fbinft[6]	fbinft[7]	fbinft[8]	Before Comp. X	Before Comp. Y	Before Comp Z.	Retro Normal X	Retro Normal Y	Retro Normal Z	Combo angle (degree)	Error Lateral	Error Longitudinal	ADM comp in fb X	ADM comp in fb Y	ADM comp in fb Z	Tracker Timestamp	Camera Timestamp	Trigger Counter	Operation Mode	AZ	EL	X	Y	Z	CX1	CY1	CX2	CY2	CX3	CY3	CX4	CY4	CX5	CY5	CX6	CY6	CX7	CY7	CX8	CY8	CX9	CY9	CX10	CY10	CX11	CY11	CX12	CY12	CX13	CY13	CX14	CY14	CX15	CY15	CX16	CY16	CX17	CY17	fpinft[0]	fpinft[1]	fpinft[2]	fpinft[3]	fpinft[4]	fpinft[5]	fpinft[6]	fpinft[7]	fpinft[8]	TipX	TipY	TipZ
0.923933	1.71946	-0.532122	-84.544106	19.737934	38.954105	-0.190379	-0.114116	0.041186	-84.353729	19.852049	38.912918	0.288831	0.936009	-0.201155	-0.753339	0.09254	-0.651088	-0.59081	0.339592	0.731861	0.998405	0.056453	-0.000452	-0.056455	0.998373	-0.007991	0	0.008004	0.999968	243.752563	4310.79541	34.559669	0.003865	0.999964	-0.007514	84.576477	-45.147274	100.164683	-42.565956	-100.16468	-15.047123	2.40965E+11	2.40848E+13	1183	TrackerOperationMode_Track	-3.236328	0.458595	195.60672	4213.316895	18.711319	1734.776733	697.176453	1490.715454	928.796753	1966.057617	942.104126	1728.782349	937.265991	0	0	0	0	0	0	0	0	0	0	0	0	0	0	0	0	0	0	0	0	0	0	0	0	0	0	0.246109	0.939587	-0.237921	-0.763698	0.036833	-0.644522	-0.596821	0.340322	0.726626	209.867081	4266.008789	-43.539715
0.926652	1.731181	-0.529339	-84.662186	20.397621	39.020077	-0.188965	-0.112469	0.042722	-84.473221	20.51009	38.977352	0.294236	0.932257	-0.21053	-0.752555	0.090206	-0.652322	-0.58914	0.350372	0.728116	0.998405	0.056452	-0.000452	-0.056453	0.998373	-0.007991	0	0.008004	0.999968	243.747086	4310.780273	34.559761	0.003865	0.999964	-0.007514	84.710068	-45.393361	100.661018	-42.621704	-100.661018	-15.618819	2.40972E+11	2.40855E+13	1199	TrackerOperationMode_Track	-3.236267	0.458603	195.517929	4212.813965	18.135746	1734.661621	697.0802	1490.546021	928.636169	1965.911865	942.087708	1728.707153	937.17627	0	0	0	0	0	0	0	0	0	0	0	0	0	0	0	0	0	0	0	0	0	0	0	0	0	0	0.25155	0.935704	-0.247348	-0.763233	0.03463	-0.645194	-0.595145	0.351083	0.722872	210.581894	4265.574219	-43.86739
0.923813	1.71923	-0.53226	-84.5466	19.722597	38.951469	-0.190421	-0.114159	0.041152	-84.356186	19.836756	38.910316	0.288633	0.936103	-0.201002	-0.753397	0.092509	-0.651026	-0.590834	0.339341	0.731958	0.998405	0.056451	-0.000452	-0.056453	0.998373	-0.007992	0	0.008005	0.999968	243.74411	4310.795898	34.562473	0.003865	0.999964	-0.007514	84.578309	-45.150644	100.17148	-42.573181	-100.171478	-15.036777	2.40976E+11	2.40859E+13	1207	TrackerOperationMode_Track	-3.236214	0.458641	195.590866	4213.311035	18.724335	1734.77832	697.092102	1490.691284	928.671326	1965.951172	942.077332	1728.646118	937.085693	0	0	0	0	0	0	0	0	0	0	0	0	0	0	0	0	0	0	0	0	0	0	0	0	0	0	0.24591	0.939679	-0.237763	-0.763743	0.036801	-0.64447	-0.596845	0.340071	0.726724	209.837555	4265.998535	-43.533276
0.924062	1.719166	-0.531888	-84.524483	19.728878	38.958904	-0.190373	-0.114121	0.041161	-84.334114	19.842999	38.917744	0.289013	0.936031	-0.200793	-0.753195	0.092865	-0.651209	-0.590905	0.339444	0.731853	0.998405	0.05645	-0.000452	-0.056452	0.998373	-0.007992	0	0.008004	0.999968	243.742355	4310.788574	34.561623	0.003865	0.999964	-0.007514	84.557646	-45.112657	100.094865	-42.53553	-100.094864	-15.029308	2.40979E+11	2.40862E+13	1214	TrackerOperationMode_Track	-3.236198	0.458626	195.631042	4213.37793	18.73159	1734.782593	697.097839	1490.723633	928.579102	1965.976807	941.958374	1728.675415	937.105225	0	0	0	0	0	0	0	0	0	0	0	0	0	0	0	0	0	0	0	0	0	0	0	0	0	0	0.246301	0.939627	-0.237564	-0.763563	0.037161	-0.644663	-0.596915	0.340176	0.726617	209.861816	4266.07959	-43.517864
0.92403	1.719023	-0.531859	-84.520401	19.721371	38.960693	-0.190391	-0.114138	0.041142	-84.330009	19.835508	38.919552	0.288996	0.936068	-0.200642	-0.753161	0.092937	-0.651238	-0.590956	0.339321	0.731869	0.998405	0.056451	-0.000452	-0.056453	0.998373	-0.007992	0	0.008004	0.999968	243.747147	4310.801758	34.561237	0.003865	0.999964	-0.007514	84.553514	-45.105064	100.079551	-42.530312	-100.079552	-15.021295	2.40983E+11	2.40866E+13	1221	TrackerOperationMode_Track	-3.236252	0.458618	195.641815	4213.40625	18.739355	1734.924561	697.019104	1490.655029	928.657959	1965.906494	941.953491	1728.663208	937.179382	0	0	0	0	0	0	0	0	0	0	0	0	0	0	0	0	0	0	0	0	0	0	0	0	0	0	0.246285	0.939669	-0.237416	-0.763528	0.03723	-0.6447	-0.596966	0.340054	0.726633	209.860077	4266.110352	-43.510704
0.924073	1.719028	-0.531906	-84.521645	19.722357	38.957333	-0.19038	-0.114135	0.041146	-84.331268	19.836493	38.916187	0.288978	0.936065	-0.200686	-0.753205	0.092916	-0.65119	-0.59091	0.339337	0.731899	0.998405	0.056452	-0.000452	-0.056454	0.998373	-0.007992	0	0.008005	0.999968	243.748566	4310.779785	34.562389	0.003865	0.999964	-0.007514	84.554758	-45.107349	100.08416	-42.532219	-100.08416	-15.022758	2.40986E+11	2.4087E+13	1229	TrackerOperationMode_Track	-3.236282	0.458641	195.641022	4213.379395	18.738968	1734.610718	697.070984	1490.655273	928.617859	1965.912109	942.043762	1728.692627	937.19574	0	0	0	0	0	0	0	0	0	0	0	0	0	0	0	0	0	0	0	0	0	0	0	0	0	0	0.246264	0.939664	-0.237457	-0.763571	0.037208	-0.644651	-0.59692	0.34007	0.726663	209.862717	4266.07959	-43.513657
0.923984	1.718978	-0.531891	-84.521576	19.717743	38.960621	-0.190403	-0.114149	0.041134	-84.331169	19.831894	38.919487	0.288944	0.936092	-0.200609	-0.753172	0.09292	-0.651228	-0.590969	0.339262	0.731886	0.998405	0.056453	-0.000452	-0.056455	0.998373	-0.007991	0	0.008004	0.999968	243.753815	4310.79541	34.560585	0.003865	0.999964	-0.007514	84.55449	-45.106857	100.083167	-42.532963	-100.083168	-15.019174	2.4099E+11	2.40873E+13	1236	TrackerOperationMode_Track	-3.236336	0.458611	195.645493	4213.396484	18.740808	1734.600952	697.246643	1490.637939	928.592407	1965.910645	942.077942	1728.731934	937.147156	0	0	0	0	0	0	0	0	0	0	0	0	0	0	0	0	0	0	0	0	0	0	0	0	0	0	0.246231	0.939691	-0.237384	-0.763536	0.037211	-0.644692	-0.596978	0.339994	0.72665	209.860962	4266.100098	-43.510353
0.924041	1.719036	-0.531839	-84.519707	19.722445	38.961193	-0.190387	-0.114134	0.041144	-84.329323	19.836578	38.920048	0.289018	0.936061	-0.200645	-0.753151	0.092948	-0.651248	-0.590959	0.339339	0.731859	0.998405	0.056451	-0.000452	-0.056453	0.998373	-0.007992	0	0.008005	0.999968	243.744934	4310.772461	34.564518	0.003865	0.999964	-0.007514	84.552894	-45.103924	100.077253	-42.52895	-100.077255	-15.021732	2.40994E+11	2.40877E+13	1244	TrackerOperationMode_Track	-3.236244	0.458664	195.641113	4213.378906	18.742138	1734.743042	697.07959	1490.539673	928.726196	1965.969727	941.970032	1728.723022	937.205872	0	0	0	0	0	0	0	0	0	0	0	0	0	0	0	0	0	0	0	0	0	0	0	0	0	0	0.246308	0.939662	-0.23742	-0.763519	0.037241	-0.644711	-0.596969	0.340072	0.726622	209.859726	4266.083984	-43.507137
0.923955	1.718823	-0.531991	-84.522499	19.708689	38.956898	-0.19042	-0.114173	0.041114	-84.332077	19.822863	38.915787	0.288826	0.936146	-0.200524	-0.753227	0.09291	-0.651165	-0.590955	0.339113	0.731966	0.998405	0.056451	-0.000452	-0.056453	0.998373	-0.007992	0	0.008005	0.999968	243.746704	4310.788086	34.561962	0.003865	0.999964	-0.007514	84.55508	-45.107942	100.085355	-42.536369	-100.085358	-15.012775	2.40997E+11	2.4088E+13	1251	TrackerOperationMode_Track	-3.236252	0.458633	195.634995	4213.386719	18.748528	1734.897705	696.948303	1490.632568	928.689331	1965.961548	941.982361	1728.655396	937.110474	0	0	0	0	0	0	0	0	0	0	0	0	0	0	0	0	0	0	0	0	0	0	0	0	0	0	0.246112	0.939745	-0.237294	-0.763584	0.037201	-0.644635	-0.596965	0.339846	0.72673	209.842651	4266.085938	-43.508366
0.924203	1.719294	-0.53173	-84.518227	19.739979	38.961456	-0.190334	-0.114085	0.041185	-84.327896	19.854065	38.920269	0.289217	0.935956	-0.20085	-0.753124	0.092961	-0.651278	-0.590896	0.339626	0.731776	0.998405	0.056459	-0.000452	-0.05646	0.998373	-0.007985	0	0.007998	0.999968	243.776871	4310.778809	34.532639	0.003865	0.999964	-0.007514	84.552122	-45.102505	100.074391	-42.522995	-100.074394	-15.034325	2.41E+11	2.40883E+13	1258	TrackerOperationMode_Track	-3.236664	0.458244	195.678436	4213.388184	18.698421	1734.724609	697.050903	1490.582642	928.697083	1965.936035	941.825439	1728.688965	937.185852	0	0	0	0	0	0	0	0	0	0	0	0	0	0	0	0	0	0	0	0	0	0	0	0	0	0	0.246502	0.939558	-0.23763	-0.763509	0.037253	-0.644722	-0.596901	0.340358	0.726544	209.915146	4266.094238	-43.546036
0.923964	1.718856	-0.531967	-84.522141	19.71073	38.957691	-0.190416	-0.114167	0.041118	-84.331726	19.824896	38.916573	0.288854	0.936134	-0.200541	-0.753215	0.092915	-0.651179	-0.590958	0.339147	0.731948	0.998405	0.056456	-0.000452	-0.056458	0.998373	-0.007988	0	0.008001	0.999968	243.768707	4310.794922	34.545391	0.003865	0.999964	-0.007514	84.554806	-45.107437	100.084338	-42.535358	-100.084335	-15.014133	2.41004E+11	2.40887E+13	1266	TrackerOperationMode_Track	-3.236534	0.458405	195.657578	4213.39502	18.731007	1734.776001	696.880188	1490.521729	928.533447	1965.9021	941.97876	1728.637939	937.104736	0	0	0	0	0	0	0	0	0	0	0	0	0	0	0	0	0	0	0	0	0	0	0	0	0	0	0.246137	0.939733	-0.237315	-0.763577	0.037203	-0.644644	-0.596965	0.339879	0.726715	209.867096	4266.094727	-43.524837
0.92413	1.719161	-0.531886	-84.522972	19.730444	38.956818	-0.190359	-0.114114	0.041165	-84.332611	19.844559	38.915653	0.289041	0.936019	-0.200806	-0.75321	0.092889	-0.651189	-0.590873	0.33947	0.731867	0.998405	0.056454	-0.000452	-0.056456	0.998373	-0.007985	0	0.007998	0.999968	243.758636	4310.779785	34.534466	0.003865	0.999964	-0.007514	84.556297	-45.110178	100.089866	-42.53278	-100.089867	-15.02968	2.41007E+11	2.40891E+13	1273	TrackerOperationMode_Track	-3.236412	0.45826	195.649994	4213.374023	18.704742	1734.743896	696.9646	1490.716919	928.701233	1966.133667	942.070618	1728.720825	937.248169	0	0	0	0	0	0	0	0	0	0	0	0	0	0	0	0	0	0	0	0	0	0	0	0	0	0	0.246325	0.939617	-0.237579	-0.763584	0.037183	-0.644637	-0.596878	0.340202	0.726636	209.882019	4266.073242	-43.546387
0.923963	1.718826	-0.532012	-84.523285	19.708923	38.955776	-0.190418	-0.114173	0.041115	-84.332863	19.823095	38.914661	0.288814	0.936146	-0.200541	-0.753244	0.092898	-0.651148	-0.59094	0.339117	0.731977	0.998405	0.056452	-0.000452	-0.056454	0.998373	-0.007987	0	0.008	0.999968	243.749969	4310.780273	34.542522	0.003865	0.999964	-0.007514	84.555838	-45.109334	100.088164	-42.537628	-100.088165	-15.013393	2.41011E+11	2.40894E+13	1281	TrackerOperationMode_Track	-3.236305	0.458374	195.636749	4213.376465	18.728899	1734.732544	696.981262	1490.578979	928.68811	1965.95874	941.997009	1728.676025	937.106628	0	0	0	0	0	0	0	0	0	0	0	0	0	0	0	0	0	0	0	0	0	0	0	0	0	0	0.246098	0.939744	-0.237311	-0.763603	0.037188	-0.644614	-0.596947	0.33985	0.726744	209.84581	4266.07373	-43.529129
0.923958	1.718602	-0.532143	-84.523331	19.696928	38.949764	-0.190434	-0.114202	0.04109	-84.332901	19.811131	38.908676	0.28867	0.936217	-0.20042	-0.753324	0.092904	-0.651054	-0.590908	0.338921	0.732093	0.998405	0.056452	-0.000452	-0.056453	0.998373	-0.00799	0	0.008002	0.999968	243.746643	4310.772461	34.552223	0.003865	0.999964	-0.007514	84.555526	-45.108761	100.087008	-42.540241	-100.087006	-15.004273	2.41015E+11	2.40898E+13	1288	TrackerOperationMode_Track	-3.236267	0.458504	195.630951	4213.369629	18.747503	1734.659424	696.931152	1490.58252	928.732178	1965.935547	941.957642	1728.758057	937.069458	0	0	0	0	0	0	0	0	0	0	0	0	0	0	0	0	0	0	0	0	0	0	0	0	0	0	0.24595	0.939815	-0.237184	-0.763674	0.037192	-0.64453	-0.596917	0.339653	0.72686	209.829041	4266.060059	-43.518959
0.923986	1.718972	-0.531908	-84.522087	19.717348	38.959862	-0.190404	-0.11415	0.041133	-84.33168	19.831497	38.918728	0.28893	0.936095	-0.200614	-0.753183	0.092912	-0.651216	-0.590961	0.339255	0.731896	0.998405	0.056451	-0.000452	-0.056452	0.998373	-0.007989	0	0.008002	0.999968	243.743195	4310.782715	34.549068	0.003865	0.999964	-0.007514	84.554966	-45.107732	100.084933	-42.533894	-100.08493	-15.019156	2.41018E+11	2.40902E+13	1296	TrackerOperationMode_Track	-3.236206	0.458458	195.634064	4213.381836	18.729561	1734.771362	697.076294	1490.635132	928.668152	1965.928101	941.991577	1728.570557	937.203735	0	0	0	0	0	0	0	0	0	0	0	0	0	0	0	0	0	0	0	0	0	0	0	0	0	0	0.246219	0.939694	-0.237386	-0.763548	0.037206	-0.644679	-0.596968	0.339988	0.726662	209.849701	4266.084473	-43.522507
0.923781	1.71855	-0.532103	-84.523956	19.690125	38.956867	-0.190477	-0.114226	0.041071	-84.333488	19.804348	38.915798	0.288618	0.936258	-0.200304	-0.753253	0.092898	-0.651137	-0.591024	0.338809	0.732051	0.998405	0.056451	-0.000452	-0.056453	0.998373	-0.00799	0	0.008003	0.999968	243.743881	4310.774902	34.555473	0.003865	0.999964	-0.007514	84.555798	-45.109261	100.088016	-42.542496	-100.088013	-14.999381	2.41022E+11	2.40905E+13	1303	TrackerOperationMode_Track	-3.236221	0.458542	195.625946	4213.371094	18.755569	1734.889893	697.099365	1490.656738	928.769714	1965.952393	942.272034	1728.818237	937.161316	0	0	0	0	0	0	0	0	0	0	0	0	0	0	0	0	0	0	0	0	0	0	0	0	0	0	0.245903	0.939856	-0.237073	-0.763599	0.037186	-0.644619	-0.597034	0.339542	0.726817	209.814606	4266.068848	-43.50671
0.923908	1.71842	-0.532235	-84.523712	19.686117	38.946918	-0.190457	-0.114231	0.041066	-84.333252	19.80035	38.905853	0.288545	0.936281	-0.200301	-0.753369	0.092904	-0.651002	-0.590912	0.338744	0.732172	0.998405	0.056456	-0.000452	-0.056458	0.998373	-0.007986	0	0.007999	0.999968	243.7668	4310.771484	34.538246	0.003865	0.999964	-0.007514	84.55553	-45.108768	100.087023	-42.543087	-100.087021	-14.996227	2.41025E+11	2.40909E+13	1311	TrackerOperationMode_Track	-3.236534	0.458321	195.647797	4213.369141	18.74189	1734.72998	696.85437	1490.668335	928.769836	1965.83313	942.101318	1728.724854	937.194641	0	0	0	0	0	0	0	0	0	0	0	0	0	0	0	0	0	0	0	0	0	0	0	0	0	0	0.245819	0.939879	-0.237065	-0.763715	0.037187	-0.644482	-0.596919	0.339476	0.726941	209.835663	4266.055664	-43.530239
0.92394	1.71889	-0.531896	-84.520485	19.712303	38.961552	-0.190419	-0.114163	0.04112	-84.330063	19.826468	38.920429	0.288906	0.936122	-0.200523	-0.753161	0.092941	-0.651238	-0.591001	0.339173	0.731901	0.998405	0.05645	-0.000452	-0.056452	0.998373	-0.00799	0	0.008002	0.999968	243.740829	4310.788574	34.552345	0.003865	0.999964	-0.007514	84.55326	-45.104597	100.07861	-42.532253	-100.078613	-15.014405	2.41029E+11	2.40912E+13	1318	TrackerOperationMode_Track	-3.236176	0.458504	195.633743	4213.393555	18.73756	1734.895386	697.092407	1490.551147	928.683899	1965.998657	941.919617	1728.733276	937.085754	0	0	0	0	0	0	0	0	0	0	0	0	0	0	0	0	0	0	0	0	0	0	0	0	0	0	0.246196	0.939722	-0.237296	-0.763523	0.037234	-0.644706	-0.597009	0.339905	0.726667	209.841782	4266.098145	-43.514446
0.923996	1.719054	-0.531814	-84.519981	19.722301	38.963722	-0.190396	-0.114136	0.041143	-84.32959	19.836437	38.922581	0.289022	0.936062	-0.200633	-0.753124	0.092943	-0.65128	-0.590991	0.339336	0.731833	0.998405	0.056454	-0.000451	-0.056456	0.998373	-0.007984	0	0.007997	0.999968	243.755493	4310.766113	34.530117	0.003865	0.999964	-0.007514	84.553119	-45.104339	100.078089	-42.529381	-100.078087	-15.021763	2.41033E+11	2.40916E+13	1326	TrackerOperationMode_Track	-3.236389	0.458206	195.65094	4213.371582	18.708496	1734.820679	697.056213	1490.494507	928.7052	1965.950073	941.957825	1728.643066	937.191162	0	0	0	0	0	0	0	0	0	0	0	0	0	0	0	0	0	0	0	0	0	0	0	0	0	0	0.246311	0.939663	-0.237411	-0.763497	0.037237	-0.644737	-0.596995	0.340069	0.726602	209.868851	4266.078613	-43.539089
0.923964	1.718934	-0.531961	-84.523804	19.714527	38.958229	-0.190411	-0.114159	0.041127	-84.333389	19.828686	38.917099	0.288873	0.936114	-0.200606	-0.753213	0.092886	-0.651185	-0.59095	0.339209	0.731926	0.998405	0.056455	-0.000452	-0.056457	0.998373	-0.007991	0	0.008003	0.999968	243.763733	4310.787109	34.556713	0.003865	0.999964	-0.007514	84.556498	-45.110547	100.09061	-42.537308	-100.090607	-15.017957	2.41036E+11	2.40919E+13	1333	TrackerOperationMode_Track	-3.236481	0.458565	195.650391	4213.380859	18.738174	1734.802246	697.016052	1490.691895	928.623535	1965.963501	942.097717	1728.604004	937.145996	0	0	0	0	0	0	0	0	0	0	0	0	0	0	0	0	0	0	0	0	0	0	0	0	0	0	0.246157	0.939712	-0.23738	-0.763575	0.037174	-0.644649	-0.59696	0.339942	0.726691	209.865341	4266.081055	-43.515995
0.923983	1.718962	-0.531945	-84.523445	19.716499	38.958378	-0.190405	-0.114153	0.041132	-84.333046	19.830652	38.917248	0.288899	0.936102	-0.200626	-0.753208	0.09289	-0.651191	-0.590945	0.339241	0.731915	0.998405	0.056458	-0.000452	-0.05646	0.998373	-0.007985	0	0.007998	0.999968	243.773956	4310.778809	34.53426	0.003865	0.999964	-0.007514	84.556231	-45.110058	100.089623	-42.536324	-100.089622	-15.019267	2.41039E+11	2.40922E+13	1340	TrackerOperationMode_Track	-3.236618	0.45826	195.661423	4213.373535	18.714951	1734.666748	697.111267	1490.612305	928.679138	1966.029663	942.098999	1728.749146	937.227417	0	0	0	0	0	0	0	0	0	0	0	0	0	0	0	0	0	0	0	0	0	0	0	0	0	0	0.24618	0.9397	-0.237401	-0.763574	0.037178	-0.644649	-0.59695	0.339973	0.726683	209.878265	4266.07373	-43.538811
0.924071	1.719063	-0.531874	-84.521194	19.724276	38.958881	-0.190379	-0.11413	0.041149	-84.330818	19.838404	38.917732	0.289009	0.936053	-0.200697	-0.753183	0.092922	-0.651215	-0.590922	0.339368	0.731874	0.998405	0.056454	-0.000452	-0.056456	0.998373	-0.007989	0	0.008001	0.999968	243.758133	4310.771973	34.548569	0.003865	0.999964	-0.007514	84.554384	-45.106662	100.082774	-42.531063	-100.082771	-15.023967	2.41043E+11	2.40926E+13	1348	TrackerOperationMode_Track	-3.236412	0.45845	195.651596	4213.373047	18.724281	1734.687378	696.928528	1490.546021	928.625854	1965.864136	941.958008	1728.560669	937.166138	0	0	0	0	0	0	0	0	0	0	0	0	0	0	0	0	0	0	0	0	0	0	0	0	0	0	0.246295	0.939652	-0.237471	-0.763553	0.037214	-0.644672	-0.59693	0.340101	0.72664	209.874542	4266.075195	-43.526657
0.924198	1.719345	-0.531761	-84.520889	19.742071	38.96048	-0.190332	-0.114081	0.04119	-84.330566	19.856152	38.919292	0.2892	0.935948	-0.200912	-0.753146	0.092916	-0.651259	-0.590876	0.33966	0.731776	0.998405	0.05645	-0.000452	-0.056451	0.998373	-0.007989	0	0.008001	0.999968	243.739044	4310.780762	34.548595	0.003865	0.999964	-0.007514	84.554717	-45.107275	100.084011	-42.526962	-100.084007	-15.037405	2.41046E+11	2.4093E+13	1355	TrackerOperationMode_Track	-3.236153	0.45845	195.636978	4213.380371	18.710861	1734.69104	697.227051	1490.816284	928.690186	1966.03772	941.981262	1728.710327	937.186646	0	0	0	0	0	0	0	0	0	0	0	0	0	0	0	0	0	0	0	0	0	0	0	0	0	0	0.246491	0.939547	-0.237685	-0.763526	0.037216	-0.644703	-0.596883	0.340392	0.726542	209.878296	4266.084961	-43.533646
0.924126	1.719172	-0.531837	-84.521217	19.731236	38.959061	-0.190359	-0.114111	0.041166	-84.330864	19.845345	38.917896	0.28908	0.936012	-0.200785	-0.753174	0.092917	-0.651226	-0.590898	0.339482	0.731841	0.998405	0.05646	-0.000452	-0.056462	0.998373	-0.007993	0	0.008006	0.999968	243.782806	4310.77002	34.569164	0.003865	0.999964	-0.007514	84.554655	-45.107161	100.08378	-42.529709	-100.083778	-15.029306	2.4105E+11	2.40933E+13	1363	TrackerOperationMode_Track	-3.23674	0.458725	195.677017	4213.370605	18.739052	1734.676025	697.152771	1490.802002	928.744995	1965.926636	942.211121	1728.717651	937.327454	0	0	0	0	0	0	0	0	0	0	0	0	0	0	0	0	0	0	0	0	0	0	0	0	0	0	0.246362	0.939611	-0.237564	-0.763547	0.037204	-0.644679	-0.596909	0.340216	0.726603	209.907837	4266.073242	-43.509495
0.923872	1.718864	-0.531913	-84.521912	19.709145	38.962914	-0.190436	-0.114174	0.041113	-84.331474	19.823318	38.921803	0.28886	0.936143	-0.200492	-0.753155	0.09292	-0.651247	-0.59103	0.339121	0.731902	0.998405	0.056453	-0.000452	-0.056455	0.998373	-0.00799	0	0.008002	0.999968	243.755096	4310.789551	34.552887	0.003865	0.999964	-0.007514	84.554472	-45.106825	100.083103	-42.535194	-100.083107	-15.012767	2.41054E+11	2.40937E+13	1370	TrackerOperationMode_Track	-3.236366	0.458511	195.644485	4213.390625	18.739691	1734.799316	697.172119	1490.504639	928.717957	1965.903687	941.997375	1728.647217	937.089478	0	0	0	0	0	0	0	0	0	0	0	0	0	0	0	0	0	0	0	0	0	0	0	0	0	0	0.246148	0.939742	-0.237268	-0.763516	0.037209	-0.644716	-0.597039	0.339854	0.726667	209.850052	4266.096191	-43.512039
0.92401	1.718972	-0.531905	-84.521484	19.718023	38.959232	-0.190398	-0.114147	0.041135	-84.331093	19.832172	38.918098	0.288943	0.93609	-0.200619	-0.753187	0.092921	-0.651211	-0.59095	0.339266	0.731899	0.998405	0.056452	-0.000452	-0.056454	0.998373	-0.007986	0	0.007999	0.999968	243.74823	4310.780273	34.538921	0.003865	0.999964	-0.007514	84.554433	-45.106753	100.082959	-42.532791	-100.082962	-15.019347	2.41057E+11	2.4094E+13	1377	TrackerOperationMode_Track	-3.236275	0.458321	195.640182	4213.381348	18.719479	1734.875122	697.042175	1490.695923	928.637573	1965.96228	941.991882	1728.661499	937.19574	0	0	0	0	0	0	0	0	0	0	0	0	0	0	0	0	0	0	0	0	0	0	0	0	0	0	0.24623	0.939689	-0.237392	-0.763554	0.037215	-0.644671	-0.596956	0.339999	0.726667	209.856293	4266.083008	-43.533058
0.923935	1.71887	-0.531957	-84.522667	19.710749	38.95908	-0.190421	-0.114169	0.041118	-84.332253	19.824919	38.917961	0.288853	0.936134	-0.200541	-0.753201	0.092906	-0.651196	-0.590975	0.339147	0.731934	0.998405	0.05645	-0.000452	-0.056452	0.998373	-0.00799	0	0.008002	0.999968	243.74115	4310.772949	34.552811	0.003865	0.999964	-0.007514	84.555291	-45.108329	100.086136	-42.536198	-100.086136	-15.014439	2.41061E+11	2.40944E+13	1385	TrackerOperationMode_Track	-3.236191	0.458511	195.629669	4213.370605	18.737919	1734.871704	697.069397	1490.629517	928.653809	1965.986816	941.991333	1728.722778	937.038635	0	0	0	0	0	0	0	0	0	0	0	0	0	0	0	0	0	0	0	0	0	0	0	0	0	0	0.24614	0.939733	-0.237312	-0.763561	0.037199	-0.644663	-0.596984	0.33988	0.726699	209.838898	4266.071777	-43.516636
0.923885	1.718964	-0.531819	-84.52021	19.715046	38.966743	-0.190427	-0.114158	0.041125	-84.329788	19.829205	38.925621	0.288956	0.936105	-0.200528	-0.753098	0.092944	-0.651311	-0.591057	0.339217	0.731835	0.998405	0.056454	-0.000452	-0.056455	0.998373	-0.007988	0	0.008001	0.999968	243.754669	4310.771973	34.545937	0.003865	0.999964	-0.007514	84.553043	-45.104198	100.077806	-42.531151	-100.077805	-15.016327	2.41064E+11	2.40947E+13	1392	TrackerOperationMode_Track	-3.236374	0.45842	195.648392	4213.37793	18.729382	1734.859131	697.05426	1490.428467	928.65271	1965.86145	942.067444	1728.574829	937.22998	0	0	0	0	0	0	0	0	0	0	0	0	0	0	0	0	0	0	0	0	0	0	0	0	0	0	0.246247	0.939706	-0.237308	-0.763464	0.037235	-0.644776	-0.597064	0.33995	0.726601	209.857513	4266.088379	-43.517471
0.923902	1.718678	-0.532075	-84.523514	19.699673	38.954609	-0.190441	-0.114198	0.041094	-84.333076	19.813869	38.913513	0.288713	0.936201	-0.200432	-0.753267	0.092899	-0.65112	-0.59096	0.338966	0.732031	0.998405	0.056454	-0.000452	-0.056456	0.998373	-0.00799	0	0.008003	0.999968	243.757812	4310.76416	34.554768	0.003865	0.999964	-0.007514	84.555743	-45.109161	100.087814	-42.539894	-100.087814	-15.006453	2.41068E+11	2.40951E+13	1400	TrackerOperationMode_Track	-3.23642	0.458534	195.642151	4213.36084	18.747808	1734.777222	697.052551	1490.65564	928.669861	1965.902588	942.009583	1728.690674	937.055786	0	0	0	0	0	0	0	0	0	0	0	0	0	0	0	0	0	0	0	0	0	0	0	0	0	0	0.245994	0.939799	-0.237202	-0.76362	0.037186	-0.644595	-0.596969	0.339698	0.726797	209.841843	4266.056641	-43.513702
0.92392	1.718768	-0.531992	-84.521881	19.70512	38.957809	-0.190432	-0.114182	0.041105	-84.331451	19.819302	38.916702	0.288801	0.936166	-0.200466	-0.753217	0.092923	-0.651175	-0.59098	0.339055	0.731973	0.998405	0.056453	-0.000452	-0.056455	0.998373	-0.007992	0	0.008005	0.999968	243.752777	4310.758789	34.561787	0.003865	0.999964	-0.007514	84.554363	-45.106624	100.082698	-42.53606	-100.082695	-15.0097	2.41071E+11	2.40954E+13	1407	TrackerOperationMode_Track	-3.236351	0.458633	195.641357	4213.360352	18.751448	1734.659424	696.993286	1490.492432	928.773254	1965.883423	942.164795	1728.664185	937.314819	0	0	0	0	0	0	0	0	0	0	0	0	0	0	0	0	0	0	0	0	0	0	0	0	0	0	0.246086	0.939766	-0.237238	-0.763573	0.037211	-0.644648	-0.59699	0.339788	0.726737	209.844315	4266.060547	-43.505684
0.923972	1.718836	-0.531928	-84.519882	19.710283	38.959038	-0.190416	-0.114167	0.041116	-84.329468	19.82445	38.917919	0.288884	0.936133	-0.200503	-0.753188	0.092952	-0.651204	-0.590976	0.339139	0.731937	0.998405	0.056462	-0.000452	-0.056464	0.998373	-0.007992	0	0.008004	0.999968	243.790268	4310.77002	34.561047	0.003865	0.999964	-0.007514	84.552647	-45.103471	100.076339	-42.531715	-100.07634	-15.012536	2.41075E+11	2.40958E+13	1415	TrackerOperationMode_Track	-3.236847	0.458618	195.682709	4213.37793	18.747948	1734.998047	697.044067	1490.702271	928.626282	1966.001953	941.97583	1728.805542	937.140808	0	0	0	0	0	0	0	0	0	0	0	0	0	0	0	0	0	0	0	0	0	0	0	0	0	0	0.246164	0.939734	-0.237282	-0.763551	0.037233	-0.644673	-0.596986	0.339873	0.726701	209.889511	4266.080078	-43.50668
0.923917	1.718742	-0.532007	-84.52195	19.703701	38.95718	-0.190434	-0.114186	0.041102	-84.33152	19.817886	38.91608	0.288783	0.936175	-0.200452	-0.753226	0.092923	-0.651165	-0.590977	0.339032	0.731986	0.998405	0.056453	-0.000452	-0.056455	0.998373	-0.007988	0	0.008001	0.999968	243.753342	4310.758789	34.546223	0.003865	0.999964	-0.007514	84.554386	-45.106666	100.082782	-42.536472	-100.082779	-15.008656	2.41078E+11	2.40962E+13	1422	TrackerOperationMode_Track	-3.236366	0.458427	195.641479	4213.360352	18.737288	1734.512817	697.13385	1490.503784	928.782532	1965.754272	942.10437	1728.608154	937.208008	0	0	0	0	0	0	0	0	0	0	0	0	0	0	0	0	0	0	0	0	0	0	0	0	0	0	0.246068	0.939774	-0.237224	-0.763583	0.037211	-0.644636	-0.596985	0.339764	0.726752	209.84317	4266.05957	-43.520973
0.924	1.71895	-0.531906	-84.521179	19.716702	38.959457	-0.190402	-0.114151	0.041131	-84.330772	19.830853	38.918327	0.288934	0.936097	-0.200597	-0.753184	0.092927	-0.651213	-0.590958	0.339245	0.731903	0.998405	0.056458	-0.000452	-0.056459	0.998373	-0.007994	0	0.008007	0.999968	243.772995	4310.780273	34.570667	0.003865	0.999964	-0.007514	84.554091	-45.106124	100.08169	-42.532543	-100.081688	-15.018164	2.41082E+11	2.40965E+13	1429	TrackerOperationMode_Track	-3.236603	0.458748	195.664719	4213.382812	18.751675	1734.682495	697.170044	1490.642212	928.689697	1965.998535	942.067383	1728.744507	937.246033	0	0	0	0	0	0	0	0	0	0	0	0	0	0	0	0	0	0	0	0	0	0	0	0	0	0	0.246218	0.939697	-0.237374	-0.763547	0.037213	-0.644679	-0.596969	0.339978	0.726665	209.879349	4266.085449	-43.500645
0.924004	1.718795	-0.532004	-84.521393	19.708521	38.954712	-0.190411	-0.114171	0.041114	-84.330978	19.822693	38.913597	0.288831	0.936145	-0.20052	-0.753247	0.092929	-0.65114	-0.590928	0.339111	0.731989	0.998405	0.056463	-0.000452	-0.056464	0.998373	-0.007991	0	0.008004	0.999968	243.793427	4310.762207	34.55772	0.003865	0.999964	-0.007514	84.554056	-45.106059	100.081558	-42.534634	-100.081558	-15.012047	2.41085E+11	2.40969E+13	1437	TrackerOperationMode_Track	-3.236893	0.45858	195.682571	4213.365234	18.745136	1734.729492	697.012939	1490.62915	928.679504	1965.931763	941.99646	1728.779297	937.138794	0	0	0	0	0	0	0	0	0	0	0	0	0	0	0	0	0	0	0	0	0	0	0	0	0	0	0.246107	0.939746	-0.237296	-0.763608	0.037209	-0.644607	-0.596938	0.339843	0.726754	209.890396	4266.062012	-43.513729
0.923891	1.718911	-0.531883	-84.521423	19.712128	38.963718	-0.190429	-0.114166	0.041119	-84.331001	19.826294	38.9226	0.288899	0.936124	-0.200521	-0.753141	0.092926	-0.651263	-0.591029	0.33917	0.73188	0.998405	0.056449	-0.000452	-0.056451	0.998373	-0.007986	0	0.007999	0.999968	243.735474	4310.791016	34.539127	0.003865	0.999964	-0.007514	84.554119	-45.106176	100.081794	-42.533791	-100.081795	-15.014784	2.41089E+11	2.40972E+13	1444	TrackerOperationMode_Track	-3.236099	0.458321	195.626801	4213.393066	18.724258	1734.851685	697.226501	1490.562012	928.717224	1966.016846	942.002625	1728.728882	937.135437	0	0	0	0	0	0	0	0	0	0	0	0	0	0	0	0	0	0	0	0	0	0	0	0	0	0	0.246192	0.939724	-0.237294	-0.763504	0.037221	-0.644729	-0.597035	0.339902	0.726647	209.834656	4266.099609	-43.526112
0.923869	1.718841	-0.531909	-84.521278	19.707968	38.963089	-0.190438	-0.114177	0.04111	-84.330833	19.822145	38.921982	0.288857	0.936148	-0.200469	-0.753151	0.092931	-0.65125	-0.591037	0.339102	0.731905	0.998405	0.056454	-0.000452	-0.056455	0.998373	-0.007993	0	0.008006	0.999968	243.756104	4310.787109	34.567112	0.003865	0.999964	-0.007514	84.553834	-45.105652	100.080737	-42.534389	-100.080734	-15.011518	2.41093E+11	2.40976E+13	1452	TrackerOperationMode_Track	-3.236382	0.458702	195.646408	4213.390625	18.754852	1734.700439	697.155701	1490.4646	928.692871	1965.775757	942.062012	1728.585327	937.168762	0	0	0	0	0	0	0	0	0	0	0	0	0	0	0	0	0	0	0	0	0	0	0	0	0	0	0.246145	0.939748	-0.237246	-0.76351	0.037219	-0.644723	-0.597048	0.339835	0.726668	209.850082	4266.09668	-43.496883
0.924037	1.718991	-0.531865	-84.519745	19.719934	38.960106	-0.190391	-0.114141	0.041139	-84.329353	19.834076	38.918968	0.288988	0.936076	-0.200619	-0.753166	0.092948	-0.651231	-0.590954	0.339297	0.731881	0.998405	0.056456	-0.000452	-0.056458	0.998373	-0.007995	0	0.008008	0.999968	243.767868	4310.778809	34.57552	0.003865	0.999964	-0.007514	84.552853	-45.103849	100.0771	-42.529537	-100.077103	-15.019838	2.41096E+11	2.40979E+13	1459	TrackerOperationMode_Track	-3.236542	0.458809	195.662964	4213.385742	18.754782	1734.762573	697.223572	1490.704712	928.82312	1965.930542	942.030029	1728.709473	937.311584	0	0	0	0	0	0	0	0	0	0	0	0	0	0	0	0	0	0	0	0	0	0	0	0	0	0	0.246273	0.939677	-0.237396	-0.763532	0.037235	-0.644696	-0.596966	0.340031	0.726643	209.879547	4266.089355	-43.49601
0.92394	1.719008	-0.531837	-84.520958	19.718454	38.964382	-0.190412	-0.114148	0.041134	-84.330544	19.832602	38.923248	0.288972	0.936086	-0.200592	-0.753125	0.09293	-0.651281	-0.591014	0.339273	0.731844	0.998404	0.056466	-0.000452	-0.056468	0.998372	-0.007986	0	0.007998	0.999968	243.809082	4310.776855	34.535252	0.003865	0.999964	-0.007514	84.55389	-45.105755	100.080945	-42.531731	-100.080948	-15.019356	2.41099E+11	2.40982E+13	1466	TrackerOperationMode_Track	-3.237091	0.458275	195.700821	4213.380371	18.715897	1734.646729	697.126648	1490.441895	928.732483	1965.823608	942.087708	1728.553955	937.244995	0	0	0	0	0	0	0	0	0	0	0	0	0	0	0	0	0	0	0	0	0	0	0	0	0	0	0.246252	0.939687	-0.237378	-0.763497	0.037211	-0.644738	-0.597019	0.340006	0.726612	209.915833	4266.087891	-43.532154
0.923929	1.718722	-0.53206	-84.523422	19.702637	38.954506	-0.190432	-0.114189	0.041101	-84.332985	19.816826	38.913406	0.288744	0.936183	-0.200469	-0.753265	0.092899	-0.651123	-0.590947	0.339014	0.732018	0.998405	0.056457	-0.000452	-0.056458	0.998373	-0.007986	0	0.007999	0.999968	243.769333	4310.786621	34.536995	0.003865	0.999964	-0.007514	84.555758	-45.109187	100.087867	-42.539143	-100.087868	-15.008666	2.41103E+11	2.40986E+13	1474	TrackerOperationMode_Track	-3.236549	0.458298	195.654205	4213.383301	18.728235	1734.49292	697.034851	1490.506104	928.626831	1965.702881	941.981079	1728.53894	937.027283	0	0	0	0	0	0	0	0	0	0	0	0	0	0	0	0	0	0	0	0	0	0	0	0	0	0	0.246023	0.939782	-0.23724	-0.763622	0.037185	-0.644591	-0.596953	0.339746	0.726787	209.857178	4266.078613	-43.532738
0.92391	1.718453	-0.532274	-84.5261	19.687407	38.945358	-0.190454	-0.114229	0.041069	-84.335648	19.801638	38.904289	0.288521	0.936277	-0.200352	-0.753398	0.092865	-0.650975	-0.590887	0.338765	0.732182	0.998405	0.056454	-0.000452	-0.056456	0.998373	-0.00799	0	0.008003	0.999968	243.758286	4310.79541	34.554638	0.003865	0.999964	-0.007514	84.55784	-45.113014	100.095585	-42.546772	-100.095589	-14.998538	2.41106E+11	2.4099E+13	1481	TrackerOperationMode_Track	-3.236404	0.458527	195.635345	4213.384277	18.755543	1734.863525	696.885681	1490.820312	928.620911	1965.953003	941.939087	1728.724854	936.912781	0	0	0	0	0	0	0	0	0	0	0	0	0	0	0	0	0	0	0	0	0	0	0	0	0	0	0.245796	0.939873	-0.237114	-0.76374	0.037148	-0.644455	-0.596897	0.339497	0.726949	209.82724	4266.068848	-43.517372
0.924172	1.719187	-0.531748	-84.516937	19.733835	38.961349	-0.190349	-0.1141	0.04117	-84.326591	19.847935	38.920181	0.289171	0.93599	-0.200758	-0.753124	0.092986	-0.651274	-0.590918	0.339525	0.731805	0.998405	0.056452	-0.000452	-0.056454	0.998373	-0.00799	0	0.008003	0.999968	243.751083	4310.789551	34.556175	0.003865	0.999964	-0.007514	84.550691	-45.099876	100.069089	-42.522121	-100.069092	-15.028911	2.4111E+11	2.40993E+13	1489	TrackerOperationMode_Track	-3.236313	0.458549	195.654419	4213.403809	18.726881	1734.796631	697.104614	1490.659058	928.604614	1965.87146	941.842773	1728.767944	937.192932	0	0	0	0	0	0	0	0	0	0	0	0	0	0	0	0	0	0	0	0	0	0	0	0	0	0	0.246461	0.939593	-0.237534	-0.763502	0.037281	-0.644728	-0.596926	0.340258	0.726569	209.882965	4266.109863	-43.519127
0.924039	1.718994	-0.531835	-84.518509	19.7204	38.961308	-0.190391	-0.114139	0.041139	-84.328117	19.834539	38.92017	0.289013	0.936071	-0.200605	-0.753146	0.092968	-0.651251	-0.590968	0.339305	0.731867	0.998405	0.056454	-0.000452	-0.056456	0.998373	-0.007987	0	0.008	0.999968	243.756546	4310.787598	34.542431	0.003865	0.999964	-0.007514	84.551693	-45.101718	100.072803	-42.527397	-100.0728	-15.019508	2.41114E+11	2.40997E+13	1496	TrackerOperationMode_Track	-3.236389	0.458374	195.654266	4213.398438	18.722816	1734.836182	697.029236	1490.575195	928.639648	1965.880249	941.982666	1728.748901	937.205383	0	0	0	0	0	0	0	0	0	0	0	0	0	0	0	0	0	0	0	0	0	0	0	0	0	0	0.246301	0.939673	-0.237381	-0.763517	0.037261	-0.644712	-0.596974	0.340038	0.726633	209.869629	4266.103516	-43.52721
0.923985	1.719029	-0.531906	-84.523438	19.720104	38.96014	-0.1904	-0.114144	0.041139	-84.333038	19.834248	38.919003	0.288942	0.936081	-0.200663	-0.753184	0.092888	-0.651218	-0.590954	0.3393	0.73188	0.998405	0.056454	-0.000452	-0.056456	0.998373	-0.007997	0	0.00801	0.999968	243.758224	4310.773438	34.583759	0.003865	0.999964	-0.007514	84.556329	-45.110237	100.089985	-42.535545	-100.089989	-15.022009	2.41117E+11	2.41001E+13	1504	TrackerOperationMode_Track	-3.236412	0.458916	195.64682	4213.367676	18.760561	1734.64624	697.200378	1490.69043	928.832031	1966.028076	942.268372	1728.680542	937.343994	0	0	0	0	0	0	0	0	0	0	0	0	0	0	0	0	0	0	0	0	0	0	0	0	0	0	0.246228	0.939678	-0.237438	-0.763546	0.037176	-0.644683	-0.596968	0.340033	0.726641	209.866821	4266.070801	-43.490059
0.92405	1.719185	-0.531752	-84.519524	19.730537	38.965027	-0.190376	-0.114114	0.041161	-84.329147	19.844652	38.923866	0.289117	0.936013	-0.200726	-0.753099	0.092946	-0.651309	-0.590977	0.339471	0.731782	0.998405	0.056454	-0.000452	-0.056456	0.998373	-0.007989	0	0.008002	0.999968	243.758865	4310.79541	34.551647	0.003865	0.999964	-0.007514	84.552967	-45.104058	100.077523	-42.526947	-100.077522	-15.027802	2.41121E+11	2.41004E+13	1512	TrackerOperationMode_Track	-3.236404	0.458496	195.656754	4213.401855	18.723488	1734.730347	697.273071	1490.67981	928.795654	1965.914062	942.198242	1728.717285	937.428711	0	0	0	0	0	0	0	0	0	0	0	0	0	0	0	0	0	0	0	0	0	0	0	0	0	0	0.246407	0.939614	-0.237506	-0.763474	0.037239	-0.644764	-0.596985	0.340204	0.726547	209.882828	4266.111328	-43.52037
0.923978	1.718874	-0.531939	-84.521118	19.712154	38.958527	-0.190412	-0.114163	0.041121	-84.330704	19.826319	38.917408	0.288885	0.936124	-0.200544	-0.753199	0.092931	-0.651196	-0.590963	0.33917	0.731933	0.998405	0.056459	-0.000451	-0.056461	0.998373	-0.007983	0	0.007996	0.999968	243.778656	4310.77832	34.525696	0.003865	0.999964	-0.007514	84.553885	-45.105746	100.080927	-42.533382	-100.080925	-15.014657	2.41125E+11	2.41008E+13	1519	TrackerOperationMode_Track	-3.236679	0.458145	195.669449	4213.381348	18.711266	1734.822388	696.991333	1490.612549	928.649963	1965.77356	942.025024	1728.642334	937.068115	0	0	0	0	0	0	0	0	0	0	0	0	0	0	0	0	0	0	0	0	0	0	0	0	0	0	0.246167	0.939724	-0.23732	-0.763566	0.037218	-0.644657	-0.596967	0.339902	0.726703	209.879425	4266.082031	-43.543709
0.924011	1.718938	-0.53186	-84.518745	19.716784	38.960949	-0.190401	-0.114149	0.041131	-84.328354	19.830933	38.919819	0.288972	0.936093	-0.200563	-0.753155	0.092967	-0.651241	-0.590977	0.339246	0.731887	0.998405	0.056453	-0.000452	-0.056455	0.998373	-0.00799	0	0.008003	0.999968	243.754547	4310.779785	34.556095	0.003865	0.999964	-0.007514	84.551795	-45.101905	100.073181	-42.528526	-100.073181	-15.016874	2.41128E+11	2.41011E+13	1526	TrackerOperationMode_Track	-3.236366	0.458549	195.651154	4213.390137	18.738804	1734.719971	697.117981	1490.564209	928.653625	1965.784912	941.9776	1728.685303	937.203308	0	0	0	0	0	0	0	0	0	0	0	0	0	0	0	0	0	0	0	0	0	0	0	0	0	0	0.24626	0.939695	-0.237339	-0.763521	0.037257	-0.644707	-0.596985	0.339979	0.726652	209.8629	4266.094727	-43.512405
0.923889	1.718763	-0.532009	-84.523109	19.703947	38.958065	-0.190439	-0.114187	0.041103	-84.332664	19.818134	38.916962	0.288774	0.936175	-0.200464	-0.753222	0.092904	-0.651173	-0.590988	0.339036	0.731976	0.998405	0.056455	-0.000452	-0.056456	0.998373	-0.007986	0	0.007998	0.999968	243.76059	4310.794922	34.535809	0.003865	0.999964	-0.007514	84.555469	-45.108656	100.086795	-42.538292	-100.086792	-15.009477	2.41132E+11	2.41015E+13	1534	TrackerOperationMode_Track	-3.236435	0.458282	195.646561	4213.392578	18.726273	1734.768555	696.966309	1490.556641	928.676697	1965.815308	942.083008	1728.528198	937.15387	0	0	0	0	0	0	0	0	0	0	0	0	0	0	0	0	0	0	0	0	0	0	0	0	0	0	0.246057	0.939774	-0.237237	-0.76358	0.037192	-0.644641	-0.596993	0.339768	0.726744	209.849319	4266.092285	-43.5313
0.923884	1.718872	-0.531932	-84.522659	19.70969	38.961777	-0.190433	-0.114173	0.041114	-84.33223	19.823864	38.920662	0.288851	0.936141	-0.200513	-0.753172	0.092907	-0.65123	-0.591014	0.33913	0.731911	0.998405	0.056452	-0.000452	-0.056454	0.998373	-0.00799	0	0.008002	0.999968	243.749649	4310.764648	34.551949	0.003865	0.999964	-0.007514	84.555215	-45.108189	100.085854	-42.536339	-100.085854	-15.01361	2.41135E+11	2.41018E+13	1541	TrackerOperationMode_Track	-3.236313	0.458504	195.637848	4213.362793	18.7379	1734.644531	697.17395	1490.513916	928.661804	1965.879639	942.076111	1728.595215	937.160767	0	0	0	0	0	0	0	0	0	0	0	0	0	0	0	0	0	0	0	0	0	0	0	0	0	0	0.246139	0.939739	-0.237288	-0.763531	0.037198	-0.644698	-0.597022	0.339862	0.726676	209.845062	4266.066895	-43.514656
0.92405	1.718934	-0.531936	-84.521049	19.716997	38.956532	-0.190392	-0.114148	0.041133	-84.330658	19.831146	38.915398	0.288928	0.936095	-0.200615	-0.753216	0.092929	-0.651175	-0.590919	0.339249	0.731932	0.998405	0.056455	-0.000452	-0.056456	0.998373	-0.007988	0	0.008	0.999968	243.759705	4310.779297	34.543808	0.003865	0.999964	-0.007514	84.554016	-45.105987	100.081412	-42.532337	-100.081413	-15.018332	2.41139E+11	2.41022E+13	1549	TrackerOperationMode_Track	-3.236435	0.458389	195.651932	4213.381836	18.725273	1734.655273	696.966797	1490.592773	928.635254	1965.937256	942.051086	1728.713013	937.235596	0	0	0	0	0	0	0	0	0	0	0	0	0	0	0	0	0	0	0	0	0	0	0	0	0	0	0.246212	0.939695	-0.237387	-0.763583	0.037219	-0.644636	-0.596926	0.339982	0.726699	209.86763	4266.081055	-43.529797
0.924129	1.719263	-0.531761	-84.520241	19.736319	38.962395	-0.190353	-0.114097	0.041176	-84.329895	19.850414	38.921219	0.289157	0.93598	-0.200822	-0.753127	0.09293	-0.651279	-0.590922	0.339566	0.731783	0.998405	0.056453	-0.000452	-0.056455	0.998373	-0.007988	0	0.008001	0.999968	243.75441	4310.787598	34.546886	0.003865	0.999964	-0.007514	84.553881	-45.105737	100.08091	-42.52702	-100.08091	-15.032637	2.41142E+11	2.41025E+13	1556	TrackerOperationMode_Track	-3.236351	0.458427	195.65213	4213.390625	18.713985	1734.754883	697.130371	1490.667969	928.614807	1966.035889	941.932922	1728.70166	937.152893	0	0	0	0	0	0	0	0	0	0	0	0	0	0	0	0	0	0	0	0	0	0	0	0	0	0	0.246446	0.93958	-0.237599	-0.763505	0.037226	-0.644728	-0.596929	0.340298	0.726549	209.886063	4266.097168	-43.53054
